14500,La+horde+d%27or,27432,2,1,90
15593,lucky,295828,29,1,65
15589,Vengeance,62898,12,3,83
15588,Jo+jo+76,90326,9,1,78
15665,Por+la+vida,148958,29,2,75
15652,ALTZAYA,1507,1,1,103
15680,Killing+Joke,5481,2,1,99
14892,Rantanplan,3681847,324,2,33
15655,Soloooo,17534,4,1,92
15545,terra+nostrum,69154,12,1,81
15581,Toulousain,41622,6,1,87
15486,LES+BARBOUZES,757660,105,3,50
15596,-+L%27hort+de+las+Fadas+-,643995,55,1,54
15518,VALENTIA,124109,13,1,76
15567,Les+Chalors,455863,42,1,60
15382,Pays+du+Silence,5458056,407,1,26
15654,%C3%80+la+Retraite,4612,2,1,100
15458,my+name+is+nobody,628349,55,1,55
15644,Guerre+et+Sagesse,34171,7,1,89
15525,CHAM+MB1,82296,6,1,79
15323,Solo,1416849,112,1,44
5163,Gold-Oracle,759545,63,1,49
15649,Auld+Alliance,11056,2,1,93
15675,Duo+vs+Squad,7669,3,2,97
15669,Hommage+%C3%A0+couscous+15,3441802,270,1,35
15447,shadow+of+sparta,223106,20,1,72
15659,%2A+Solo+%2A,298946,28,1,64
15513,Lusithania,1088901,91,1,48
15274,FORZA+BRETANIA,246018,31,1,70
15541,feur,119041,15,1,77
15247,belgica,78483,17,1,80
15677,Irr%C3%A8ductibles,7418302,543,1,22
15400,Elise,724320,87,1,51
15670,bedoul,3814,1,1,101
15477,POUR+LE+FUN,553258,48,1,58
15052,SG.1,674400,73,1,53
15678,Kylin,6324,2,1,98
15666,Ligue+de+D%C3%A9los,1376961,115,1,46
15309,Les+fr%C3%A8res+d%27armes,1380998,121,2,45
469,Amis+de+la+Paix+Bor%C3%A9ale,30601689,2479,10,7
15679,Gina55,1716,1,1,102
15585,RAINBOW+SIX,5202401,391,2,28
15676,Qhatborh,9773,3,1,95
15609,-%3DLes+fils+de+Ragnarr%3D-,51671,7,1,85
15265,melni+sans+fin,609155,56,1,56
15098,le+ph%C3%A9nix,3138516,327,4,40
15548,Gardes+Forestier,357592,34,1,63
13387,Carr%C3%A9+Manchot,1167475,121,1,47
15359,Dragons+Force,13333268,1096,16,16
15521,Les+Pieds+Nickel%C3%A9s,2943149,264,9,41
15639,Empire+romain+d%27orient,51002,9,1,86
15576,Europa+libre,218121,25,2,73
14939,Pas+plus+bas...,228,1,1,104
15664,Bim+Bim+Bam,66239,8,1,82
14655,Tousencamion,4666287,358,4,30
6369,%2A+Xeniteas+%2A,26334034,2517,46,9
625,Vivre+libre+ou+mourir,100672089,7881,22,3
12897,VI+-+INVICTUS+-+MMXVII,3264992,240,1,37
15465,Cocorico,493364,42,2,59
6234,les+Achilliens,584582,49,2,57
15207,teamgers,2471002,184,1,42
11427,%2A%2A+Corsaires+%2A%2A,9916541,734,2,18
7360,isis+rem,5405489,398,1,27
11534,Le+Clan+des+Sages,14478545,1089,5,15
14643,LES+VIEUX+DE+LA+VIEILLE.,3662536,302,1,34
15642,ugyfydtd,10768,4,1,94
10229,La+Table+Ronde,21978281,1757,11,11
15624,S%C3%A9quanes,181109,28,8,74
15573,en+solitaire,382178,39,1,61
15559,Force+et+robustesse,703711,53,1,52
13938,Phenix,47426413,3784,7,5
12045,214l,9882466,726,1,19
15672,PALAS,248773,52,24,69
15378,les+disparus,253399,30,1,68
13860,Claymore,7427988,560,1,21
2547,Ligue+ach%C3%A9enne,27240684,2026,6,8
15600,Fr%C3%A8res+de+la+C%C3%B4te,8022,4,4,96
15039,LES+MAYAS,12209917,1076,4,17
13530,Neutre,23460302,1768,4,10
12541,coucou+c%27est+moi,9183415,688,1,20
14962,Les+Hoplites,3171711,252,2,39
3393,Blood+and+Sand,2463506,180,1,43
13109,La+Terrasse,17581,3,2,91
15660,Lez+Hyst%C3%A9riques,58640,10,1,84
15130,Band+Of+Brothers,15383945,1240,5,13
15188,Irr%C3%A9ductibles,14483466,1097,5,14
7613,SEBHARIBO,359604,33,3,62
9666,Union+Fortifi%C3%A9,3380207,248,1,36
15667,%2A-l%C3%A9gionellose-%2A,35256,5,1,88
14644,Amorphis,3217039,258,1,38
12645,-%3DOlympus%3D-,4936473,375,2,29
11190,Club+Wanadoo,268915,57,1,67
13511,L%27Odyss%C3%A9e,7109137,549,2,23
13738,A+Flo,288053,34,1,66
14828,GA+XX,238787,18,3,71
9741,Hyperborea+Sans+Fin,17741332,1410,5,12
14568,Le+Serpentaire,6974145,592,1,24
11887,GREPO+SOLO,4064774,395,14,31
2797,Les+Dieux+Olympiens,62229217,4826,14,4
2568,Force+Honneur+bbaannzzzz,46425118,3457,17,6
4220,Chim%C3%A8re,6377331,609,6,25
14615,P+E+A+C+E,3915403,295,1,32
4629,Renaissance+des+Sombres,245288731,19444,80,1
4963,AS+Spartacus,212632052,16329,37,2
