15644,Guerre+et+Sagesse,59261,8,1,81
14500,La+horde+d%27or,27432,2,1,84
15665,Por+la+vida,402824,43,2,63
15382,Pays+du+Silence,5578603,416,1,24
15274,FORZA+BRETANIA,268350,33,1,67
15652,ALTZAYA,1507,1,1,94
15680,Killing+Joke,22395,3,1,85
15691,Nihilia,3669,2,1,93
14892,Rantanplan,1820927,133,1,41
15670,bedoul,14474,6,1,88
15518,VALENTIA,150321,19,2,73
15458,my+name+is+nobody,715915,62,1,53
15687,RES+NON+VERBA,11423099,844,1,17
469,Amis+de+la+Paix+Bor%C3%A9ale,31432711,2543,10,7
15541,feur,162828,21,1,72
15323,Solo,1594298,125,1,42
15513,Lusithania,1235931,102,1,45
15486,LES+BARBOUZES,1052203,122,3,47
15477,POUR+LE+FUN,646265,61,1,55
15659,%2A+Solo+%2A,560112,53,1,58
15654,%C3%80+la+Retraite,5610,2,1,90
15567,Les+Chalors,554070,50,1,59
5163,Gold-Oracle,774078,65,1,52
15581,Toulousain,66254,8,1,79
15447,shadow+of+sparta,224487,20,1,70
15525,CHAM+MB1,102261,11,1,74
15247,belgica,90905,17,1,76
15400,Elise,778425,87,1,51
15666,Ligue+de+D%C3%A9los,1481279,121,1,43
15052,SG.1,692532,75,1,54
15098,le+ph%C3%A9nix,2413017,243,3,40
15678,Kylin,51229,11,1,82
15679,Gina55,5790,1,1,89
15265,melni+sans+fin,643447,61,1,56
15309,Les+fr%C3%A8res+d%27armes,1471154,128,2,44
625,Vivre+libre+ou+mourir,88407098,6808,14,3
15676,Qhatborh,76228,14,1,78
15548,Gardes+Forestier,428999,41,1,61
12897,VI+-+INVICTUS+-+MMXVII,3288741,245,1,36
15585,RAINBOW+SIX,5425555,408,2,26
13387,Carr%C3%A9+Manchot,1171356,121,1,46
15684,-+L%27Hort+de+las+Fadas+-,916308,68,1,49
15639,Empire+romain+d%27orient,99580,12,1,75
15521,Les+Pieds+Nickel%C3%A9s,3484018,313,9,33
14655,Tousencamion,4768044,362,4,28
11534,Le+Clan+des+Sages,14766810,1108,5,15
15576,Europa+libre,233726,28,2,69
14939,Pas+plus+bas...,228,1,1,95
15692,L%27homme+sans+qualit%C3%A9s,3681,2,1,92
6369,%2A+Xeniteas+%2A,25941777,2412,35,9
15359,Dragons+Force,4617793,513,22,29
15664,Bim+Bim+Bam,86184,15,1,77
15465,Cocorico,279921,21,1,65
10229,La+Table+Ronde,22789407,1821,11,11
15559,Force+et+robustesse,890879,68,1,50
15624,S%C3%A9quanes,65229,8,3,80
14643,LES+VIEUX+DE+LA+VIEILLE.,3818024,315,2,32
7360,isis+rem,5493501,406,1,25
6234,les+Achilliens,640312,52,2,57
15188,Irr%C3%A9ductibles,15294242,1158,6,14
15207,teamgers,2643457,202,1,38
11427,%2A%2A+Corsaires+%2A%2A,10213470,751,2,18
15682,Chez+moi,39970,6,1,83
15573,en+solitaire,429918,41,1,60
15039,LES+MAYAS,12705684,1121,4,16
15378,les+disparus,4028,3,3,91
15672,PALAS,1042511,173,52,48
13938,Phenix,48069773,3838,7,5
15600,Fr%C3%A8res+de+la+C%C3%B4te,17682,5,2,86
2547,Ligue+ach%C3%A9enne,27102942,1996,4,8
13860,Claymore,7428899,560,1,20
12541,coucou+c%27est+moi,9258796,688,1,19
13530,Neutre,23782832,1790,4,10
14962,Les+Hoplites,3331311,260,2,35
3393,Blood+and+Sand,2513896,184,1,39
13109,La+Terrasse,17550,3,2,87
15660,Lez+Hyst%C3%A9riques,185352,22,1,71
15130,Band+Of+Brothers,16164477,1304,5,13
7613,SEBHARIBO,410921,38,3,62
9666,Union+Fortifi%C3%A9,3402518,250,1,34
14644,Amorphis,3284665,268,1,37
12645,-%3DOlympus%3D-,5071110,387,2,27
11190,Club+Wanadoo,270436,57,1,66
13511,L%27Odyss%C3%A9e,7322309,561,3,21
13738,A+Flo,302010,37,1,64
14828,GA+XX,238787,18,3,68
14568,Le+Serpentaire,7070191,599,1,22
9741,Hyperborea+Sans+Fin,16270812,1280,4,12
11887,GREPO+SOLO,4163713,401,17,30
2797,Les+Dieux+Olympiens,66264757,5133,19,4
2568,Force+Honneur+bbaannzzzz,45589663,3398,14,6
4220,Chim%C3%A8re,6485953,620,6,23
4629,Renaissance+des+Sombres,265407024,21088,82,1
4963,AS+Spartacus,216477225,16658,38,2
14615,P+E+A+C+E,4088840,308,1,31
