6369,%2A+Xeniteas+%2A,26142106,2502,47,9
14500,La+horde+d%27or,27432,2,1,90
15589,Vengeance,61430,12,3,83
15588,Jo+jo+76,90157,9,1,78
15665,Por+la+vida,125095,29,2,75
15652,ALTZAYA,1507,1,1,104
15596,-+L%27hort+de+las+Fadas+-,627043,54,1,54
15680,Killing+Joke,4265,2,1,101
15567,Les+Chalors,444129,39,1,60
14892,Rantanplan,3666543,322,2,33
15655,Soloooo,16521,4,1,92
15545,terra+nostrum,67287,12,1,81
15581,Toulousain,38312,6,1,87
15659,%2A+Solo+%2A,284310,26,1,64
15382,Pays+du+Silence,5435358,406,1,26
15486,LES+BARBOUZES,720834,105,3,50
15458,my+name+is+nobody,614902,53,1,55
15518,VALENTIA,123876,13,1,76
15650,Ordre+du+Temple,6191,2,1,98
15274,FORZA+BRETANIA,242838,30,1,69
15654,%C3%80+la+Retraite,4337,2,1,100
15644,Guerre+et+Sagesse,31738,7,1,88
15525,CHAM+MB1,82296,6,1,79
15323,Solo,1405091,112,1,44
5163,Gold-Oracle,757406,63,1,49
15649,Auld+Alliance,10771,2,1,93
15675,Duo+vs+Squad,7669,3,2,95
15673,1234,1049,1,1,105
15669,Hommage+%C3%A0+couscous+15,3441802,270,1,35
15447,shadow+of+sparta,223106,20,1,71
15593,lucky,283991,28,1,66
15513,Lusithania,1076716,91,1,48
15541,feur,120330,15,1,77
15247,belgica,76976,17,1,80
15677,Irr%C3%A8ductibles,7416645,543,1,22
15400,Elise,712202,87,1,51
15670,bedoul,3668,1,1,102
15477,POUR+LE+FUN,545887,48,1,58
15052,SG.1,672454,73,1,53
15678,Kylin,4417,2,1,99
15666,Ligue+de+D%C3%A9los,1367937,115,1,46
625,Vivre+libre+ou+mourir,100556152,7866,22,3
15098,le+ph%C3%A9nix,3116083,325,4,40
15679,Gina55,1638,1,1,103
15585,RAINBOW+SIX,5079366,383,2,28
15676,Qhatborh,7431,3,1,96
15609,-%3DLes+fils+de+Ragnarr%3D-,51671,7,1,84
14962,Les+Hoplites,3136478,251,2,39
15265,melni+sans+fin,607852,56,1,56
15309,Les+fr%C3%A8res+d%27armes,1375906,120,2,45
15548,Gardes+Forestier,347736,34,1,63
13387,Carr%C3%A9+Manchot,1167475,121,1,47
11534,Le+Clan+des+Sages,14456499,1088,5,15
15359,Dragons+Force,13251997,1087,15,16
14655,Tousencamion,4654088,357,4,30
15576,Europa+libre,214504,25,2,72
14939,Pas+plus+bas...,228,1,1,106
15664,Bim+Bim+Bam,62479,8,1,82
15521,Les+Pieds+Nickel%C3%A9s,2856770,258,9,41
12897,VI+-+INVICTUS+-+MMXVII,3264992,240,1,37
15465,Cocorico,483285,42,2,59
15639,Empire+romain+d%27orient,45031,7,1,86
6234,les+Achilliens,583137,49,2,57
10229,La+Table+Ronde,21906119,1754,11,11
15559,Force+et+robustesse,688087,52,1,52
7360,isis+rem,5398928,398,1,27
15207,teamgers,2447565,182,1,43
14643,LES+VIEUX+DE+LA+VIEILLE.,3650152,302,1,34
15642,ugyfydtd,10768,4,1,94
11427,%2A%2A+Corsaires+%2A%2A,9900540,733,2,18
15573,en+solitaire,361992,34,1,61
469,Amis+de+la+Paix+Bor%C3%A9ale,30493734,2472,10,7
15624,S%C3%A9quanes,178008,27,8,74
15672,PALAS,205969,45,22,73
2547,Ligue+ach%C3%A9enne,27216340,2022,6,8
15600,Fr%C3%A8res+de+la+C%C3%B4te,6904,3,3,97
13938,Phenix,47388313,3778,7,5
15378,les+disparus,253207,30,1,68
13860,Claymore,7428120,560,1,21
12045,214l,9869951,725,1,19
12541,coucou+c%27est+moi,9182356,688,1,20
15039,LES+MAYAS,12127529,1070,4,17
13530,Neutre,23205118,1749,4,10
3393,Blood+and+Sand,2463506,180,1,42
13109,La+Terrasse,17581,3,2,91
15660,Lez+Hyst%C3%A9riques,50176,9,1,85
15188,Irr%C3%A9ductibles,14477667,1097,5,14
7613,SEBHARIBO,357967,33,3,62
15130,Band+Of+Brothers,15157349,1224,5,13
15667,%2A-l%C3%A9gionellose-%2A,27537,4,1,89
9666,Union+Fortifi%C3%A9,3374997,248,1,36
14644,Amorphis,3209242,258,1,38
11190,Club+Wanadoo,268915,57,1,67
12645,-%3DOlympus%3D-,4926025,374,2,29
13511,L%27Odyss%C3%A9e,7094152,548,2,23
13738,A+Flo,284011,34,1,65
14828,GA+XX,238787,18,3,70
14568,Le+Serpentaire,6964084,591,1,24
9741,Hyperborea+Sans+Fin,17706328,1407,5,12
11887,GREPO+SOLO,4025381,392,14,31
2568,Force+Honneur+bbaannzzzz,46293420,3448,17,6
2797,Les+Dieux+Olympiens,61990155,4810,14,4
4220,Chim%C3%A8re,6370636,608,6,25
4963,AS+Spartacus,212278400,16299,37,2
14615,P+E+A+C+E,3907491,294,1,32
4629,Renaissance+des+Sombres,244558200,19394,80,1
