15593,lucky,307308,30,1,65
14500,La+horde+d%27or,27432,2,1,90
15458,my+name+is+nobody,642144,56,1,55
15589,Vengeance,69125,12,3,82
15588,Jo+jo+76,90326,9,1,77
15665,Por+la+vida,172680,29,2,74
15652,ALTZAYA,1507,1,1,104
15541,feur,124797,16,1,75
15680,Killing+Joke,6478,2,1,99
15477,POUR+LE+FUN,570581,50,1,58
15596,-+L%27hort+de+las+Fadas+-,661792,58,1,54
15655,Soloooo,18534,4,1,91
15545,terra+nostrum,70864,12,1,80
15581,Toulousain,44273,6,1,87
14892,Rantanplan,3692516,325,2,33
15659,%2A+Solo+%2A,311187,30,1,64
15518,VALENTIA,124238,13,1,76
15567,Les+Chalors,456393,42,1,60
15654,%C3%80+la+Retraite,4753,2,1,100
15382,Pays+du+Silence,5478003,408,1,26
15644,Guerre+et+Sagesse,36975,7,1,88
15525,CHAM+MB1,82296,6,1,78
15323,Solo,1426171,112,1,44
5163,Gold-Oracle,762316,63,1,50
15649,Auld+Alliance,11037,2,1,95
15675,Duo+vs+Squad,7669,3,2,98
15513,Lusithania,1103375,93,1,48
15669,Hommage+%C3%A0+couscous+15,3441802,270,1,35
15447,shadow+of+sparta,223249,20,1,72
15274,FORZA+BRETANIA,248035,31,1,70
15486,LES+BARBOUZES,793267,109,3,49
15247,belgica,78483,17,1,79
15677,Irr%C3%A8ductibles,7418963,543,1,22
15400,Elise,735717,87,1,51
15670,bedoul,4171,1,1,101
15676,Qhatborh,15304,6,1,93
15052,SG.1,675994,73,1,53
625,Vivre+libre+ou+mourir,100791643,7891,22,3
15666,Ligue+de+D%C3%A9los,1385205,115,1,45
15098,le+ph%C3%A9nix,3171692,329,4,40
15309,Les+fr%C3%A8res+d%27armes,1382143,121,2,46
15679,Gina55,1882,1,1,102
15678,Kylin,10398,4,1,96
15609,-%3DLes+fils+de+Ragnarr%3D-,51671,7,1,86
469,Amis+de+la+Paix+Bor%C3%A9ale,30718749,2487,10,7
15548,Gardes+Forestier,375141,41,1,62
15265,melni+sans+fin,609155,56,1,56
15585,RAINBOW+SIX,5238903,393,2,28
13387,Carr%C3%A9+Manchot,1167872,121,1,47
6369,%2A+Xeniteas+%2A,26420458,2515,44,9
15465,Cocorico,539491,45,2,59
15521,Les+Pieds+Nickel%C3%A9s,3005332,268,9,41
15359,Dragons+Force,13396566,1100,16,16
15639,Empire+romain+d%27orient,51936,9,1,85
15576,Europa+libre,220673,25,2,73
14939,Pas+plus+bas...,228,1,1,105
15664,Bim+Bim+Bam,67442,8,1,83
14655,Tousencamion,4666287,358,4,30
12897,VI+-+INVICTUS+-+MMXVII,3264992,240,1,37
6234,les+Achilliens,586828,49,2,57
11534,Le+Clan+des+Sages,14500193,1090,5,14
15207,teamgers,2489000,186,1,42
11427,%2A%2A+Corsaires+%2A%2A,9937190,737,2,18
7360,isis+rem,5410058,398,1,27
15624,S%C3%A9quanes,59525,12,5,84
15642,ugyfydtd,11057,4,1,94
14643,LES+VIEUX+DE+LA+VIEILLE.,3678500,305,2,34
15559,Force+et+robustesse,727992,56,1,52
10229,La+Table+Ronde,22033347,1762,11,11
15682,Chez+moi,1559,1,1,103
15573,en+solitaire,384695,39,1,61
13938,Phenix,47459043,3786,7,5
15672,PALAS,287534,63,29,67
2547,Ligue+ach%C3%A9enne,27260399,2027,6,8
12045,214l,9914246,729,1,19
15378,les+disparus,253399,30,1,69
13860,Claymore,7428612,560,1,21
13530,Neutre,23538020,1774,4,10
15600,Fr%C3%A8res+de+la+C%C3%B4te,8584,4,4,97
15039,LES+MAYAS,12251942,1079,4,17
12541,coucou+c%27est+moi,9191992,688,1,20
14962,Les+Hoplites,3185985,254,2,39
3393,Blood+and+Sand,2463506,180,1,43
13109,La+Terrasse,17895,3,2,92
15660,Lez+Hyst%C3%A9riques,69460,11,1,81
15130,Band+Of+Brothers,15504229,1249,5,13
7613,SEBHARIBO,364409,34,3,63
15188,Irr%C3%A9ductibles,14488592,1097,5,15
9666,Union+Fortifi%C3%A9,3382243,248,1,36
15667,%2A-l%C3%A9gionellose-%2A,36081,5,1,89
14644,Amorphis,3222661,258,1,38
13511,L%27Odyss%C3%A9e,7129832,550,2,23
11190,Club+Wanadoo,268953,57,1,68
12645,-%3DOlympus%3D-,4945608,376,2,29
13738,A+Flo,291692,34,1,66
14828,GA+XX,238787,18,3,71
14568,Le+Serpentaire,6983955,593,1,24
9741,Hyperborea+Sans+Fin,17753854,1410,5,12
11887,GREPO+SOLO,3938230,377,13,31
2568,Force+Honneur+bbaannzzzz,46494481,3459,16,6
2797,Les+Dieux+Olympiens,62377029,4839,14,4
4220,Chim%C3%A8re,6387532,609,6,25
4963,AS+Spartacus,212871736,16360,37,2
4629,Renaissance+des+Sombres,245994998,19500,80,1
14615,P+E+A+C+E,3925306,296,1,32
