15644,Guerre+et+Sagesse,48891,8,1,83
15486,LES+BARBOUZES,917691,113,3,47
14500,La+horde+d%27or,27432,2,1,86
15541,feur,128338,18,1,73
15589,Vengeance,77974,12,3,77
15665,Por+la+vida,264090,35,2,66
15323,Solo,1479654,120,1,42
15652,ALTZAYA,1507,1,1,97
15670,bedoul,9264,4,1,93
15567,Les+Chalors,485149,43,1,59
15513,Lusithania,1151502,96,1,46
15274,FORZA+BRETANIA,257493,32,1,67
15458,my+name+is+nobody,667159,58,1,53
15545,terra+nostrum,74483,12,1,78
15581,Toulousain,54770,6,1,82
15655,Soloooo,26237,5,1,87
14892,Rantanplan,3717290,325,2,31
15659,%2A+Solo+%2A,374942,37,1,63
15382,Pays+du+Silence,5520934,410,1,23
15518,VALENTIA,128862,16,1,72
15654,%C3%80+la+Retraite,5092,2,1,95
15477,POUR+LE+FUN,599982,53,1,55
5163,Gold-Oracle,768317,63,1,49
15649,Auld+Alliance,11621,2,1,90
15685,Stella,1469,1,1,98
15669,Hommage+%C3%A0+couscous+15,3441802,270,1,33
15447,shadow+of+sparta,223770,20,1,71
15525,CHAM+MB1,88468,11,1,75
15680,Killing+Joke,12180,3,1,89
15247,belgica,83559,17,1,76
15400,Elise,768264,87,1,50
15678,Kylin,29574,7,1,85
6369,%2A+Xeniteas+%2A,27211822,2577,42,9
15052,SG.1,683160,74,1,52
15679,Gina55,2916,1,1,96
15666,Ligue+de+D%C3%A9los,1463197,121,1,43
15309,Les+fr%C3%A8res+d%27armes,1395734,122,2,44
15548,Gardes+Forestier,395112,41,1,61
15265,melni+sans+fin,613983,56,1,54
15676,Qhatborh,31346,7,1,84
15585,RAINBOW+SIX,5316728,399,2,25
15098,le+ph%C3%A9nix,3248933,334,4,37
13387,Carr%C3%A9+Manchot,1169762,121,1,45
15465,Cocorico,553586,45,2,57
12897,VI+-+INVICTUS+-+MMXVII,3269180,242,1,36
15521,Les+Pieds+Nickel%C3%A9s,3314979,292,9,35
15639,Empire+romain+d%27orient,65641,10,1,81
14655,Tousencamion,4710640,360,4,27
15684,-+L%27Hort+de+las+Fadas+-,764652,62,1,51
15359,Dragons+Force,4046608,453,22,28
14939,Pas+plus+bas...,228,1,1,99
15664,Bim+Bim+Bam,72770,8,1,79
15188,Irr%C3%A9ductibles,15091501,1143,6,14
6234,les+Achilliens,599484,49,2,56
15576,Europa+libre,226852,26,2,70
10229,La+Table+Ronde,22279646,1778,12,11
15624,S%C3%A9quanes,69899,11,4,80
15682,Chez+moi,8950,3,1,94
11427,%2A%2A+Corsaires+%2A%2A,10024319,743,2,17
7360,isis+rem,5437839,401,1,24
15642,ugyfydtd,11133,4,1,91
15207,teamgers,2545098,191,1,40
14643,LES+VIEUX+DE+LA+VIEILLE.,3699470,307,2,32
11534,Le+Clan+des+Sages,14657131,1101,5,15
15559,Force+et+robustesse,780137,59,1,48
469,Amis+de+la+Paix+Bor%C3%A9ale,31178251,2522,10,7
15573,en+solitaire,402619,41,1,60
15039,LES+MAYAS,12424842,1094,4,16
13530,Neutre,23678083,1782,4,10
15600,Fr%C3%A8res+de+la+C%C3%B4te,10209,3,3,92
15378,les+disparus,254244,30,1,68
2547,Ligue+ach%C3%A9enne,27466689,2038,6,8
13860,Claymore,7431184,560,1,19
15672,PALAS,528514,106,39,58
13938,Phenix,47768012,3808,7,5
12541,coucou+c%27est+moi,9231351,688,1,18
3393,Blood+and+Sand,2463506,180,1,41
13109,La+Terrasse,17895,3,2,88
14962,Les+Hoplites,3244779,257,2,38
625,Vivre+libre+ou+mourir,101564443,7951,21,3
15660,Lez+Hyst%C3%A9riques,103310,14,1,74
7613,SEBHARIBO,380513,35,3,62
15130,Band+Of+Brothers,16024903,1294,5,13
9666,Union+Fortifi%C3%A9,3390659,250,1,34
14644,Amorphis,3244641,258,1,39
11190,Club+Wanadoo,268953,57,1,65
13511,L%27Odyss%C3%A9e,7206070,554,2,20
12645,-%3DOlympus%3D-,4979709,378,2,26
13738,A+Flo,298173,37,1,64
14828,GA+XX,238787,18,3,69
14568,Le+Serpentaire,7019784,596,1,21
9741,Hyperborea+Sans+Fin,17841171,1425,5,12
11887,GREPO+SOLO,4032088,384,14,29
2568,Force+Honneur+bbaannzzzz,44957331,3347,14,6
2797,Les+Dieux+Olympiens,65089531,5043,16,4
4220,Chim%C3%A8re,6418468,614,5,22
4629,Renaissance+des+Sombres,258537769,20398,78,1
14615,P+E+A+C+E,3980297,300,1,30
4963,AS+Spartacus,214176691,16476,37,2
