15477,POUR+LE+FUN,240549,29,1,68
15486,LES+BARBOUZES,455033,87,3,56
14500,La+horde+d%27or,27432,2,1,94
15614,MWAMEM+TEAM,46592,7,1,88
15510,Paix+et+Prosp%C3%A9rit%C3%A9,288148,30,1,60
15447,shadow+of+sparta,205607,18,1,72
15323,Solo,1128634,93,1,43
15567,Les+Chalors,296037,24,1,59
15513,Lusithania,907699,78,1,47
15590,la+guerre+des+boutons,144777,34,10,75
15581,Toulousain,19826,4,1,96
15541,feur,77351,9,1,84
15539,iBan,102302,12,1,78
15458,my+name+is+nobody,462401,42,1,55
15589,Vengeance,41807,11,3,91
15588,Jo+jo+76,42151,5,1,90
15613,Gina55,5805,1,1,99
15501,Le+Syndicat+du+Cuir,1007566,92,1,44
15568,DERBANTIME,85938,10,1,83
15596,-+L%27hort+de+las+Fadas+-,253650,26,1,66
15382,Pays+du+Silence,5039632,378,1,25
15525,CHAM+MB1,64935,6,1,85
15450,Stellaris,598088,54,1,51
15593,lucky,138766,15,1,76
5163,Gold-Oracle,721059,61,1,48
15274,FORZA+BRETANIA,200214,25,1,73
15155,BEDOUL,177205,31,1,74
15638,exit,7611,2,1,98
15529,le+village+gaulois,499906,63,7,54
14892,Rantanplan,3477415,301,2,31
15616,Plan+TDK+Rote,90934,12,1,81
15400,Elise,503063,56,1,53
15545,terra+nostrum,27686,4,1,93
15518,VALENTIA,96767,10,1,80
15561,N1C0,97300,11,1,79
15247,belgica,62408,10,1,86
15548,Gardes+Forestier,255518,27,1,65
15604,X%C3%A8me+L%C3%A9gion,90617,11,2,82
15566,Le+Bourbier,216326,31,2,70
15098,le+ph%C3%A9nix,2862429,302,5,36
15265,melni+sans+fin,556237,50,1,52
15309,Les+fr%C3%A8res+d%27armes,976080,95,2,45
15359,Grepo+Pas+Solo,437624,50,2,57
15052,SG.1,609493,66,1,49
15585,RAINBOW+SIX,4673751,355,2,26
14962,Les+Hoplites,2799596,219,2,37
15493,Baba+cool,11430,2,1,97
11534,Le+Clan+des+Sages,14251224,1096,6,14
15609,-%3DLes+fils+de+Ragnarr%3D-,36674,6,1,92
13387,Carr%C3%A9+Manchot,1146224,121,1,42
15576,Europa+libre,137200,18,2,77
14655,Tousencamion,4355423,330,4,27
625,Vivre+libre+ou+mourir,98623251,7639,22,3
15465,Cocorico,283873,25,2,61
13771,U-BAHN,1287532,160,1,41
14939,Pas+plus+bas...,228,1,1,102
15521,Les+Pieds+Nickel%C3%A9s,914652,88,5,46
12897,VI+-+INVICTUS+-+MMXVII,3122735,240,1,34
15639,Empire+romain+d%27orient,1980,1,1,100
11427,%2A%2A+Corsaires+%2A%2A,9996259,755,3,17
15207,teamgers,2011874,158,1,39
10229,La+Table+Ronde,22409657,1817,13,11
15642,ugyfydtd,966,1,1,101
6234,les+Achilliens,609289,58,4,50
7360,isis+rem,5290728,390,1,24
15624,S%C3%A9quanes,60995,15,8,87
15573,en+solitaire,205690,21,1,71
14643,LES+VIEUX+DE+LA+VIEILLE.,3358703,280,1,32
15559,Force+et+robustesse,431093,34,1,58
6369,%2A+Xeniteas+%2A,25119276,2369,51,10
13938,Phenix,46019295,3672,7,5
15600,Fr%C3%A8res+de+la+C%C3%B4te,44378,10,4,89
15378,les+disparus,258984,34,2,64
13530,Neutre,29556594,2215,6,7
2547,Ligue+ach%C3%A9enne,26080072,1941,6,9
4193,tous+foutu,1974832,182,1,40
12045,214l,9719704,712,1,18
13860,Claymore,7229741,545,1,20
12541,coucou+c%27est+moi,9066166,661,1,19
15039,LES+MAYAS,11206383,985,4,16
3393,Blood+and+Sand,2463506,180,1,38
13109,La+Terrasse,21352,3,2,95
15188,Irr%C3%A9ductibles,21224429,1582,5,12
15130,Band+Of+Brothers,13558539,1099,5,15
7613,SEBHARIBO,280365,30,5,62
9666,Union+Fortifi%C3%A9,3320613,244,1,33
469,Amis+de+la+Paix+Bor%C3%A9ale,29398097,2378,11,8
14644,Amorphis,3072881,248,1,35
13738,A+Flo,262496,32,1,63
11190,Club+Wanadoo,244009,52,1,67
13511,L%27Odyss%C3%A9e,6765654,519,2,21
12645,-%3DOlympus%3D-,4301729,333,2,28
14828,GA+XX,238674,18,3,69
9741,Hyperborea+Sans+Fin,17526790,1392,5,13
14568,Le+Serpentaire,6406512,549,1,23
11887,GREPO+SOLO,3726479,352,14,29
2568,Force+Honneur+bbaannzzzz,44182366,3276,15,6
2797,Les+Dieux+Olympiens,59307202,4592,13,4
4220,Chim%C3%A8re,6451431,622,7,22
4629,Renaissance+des+Sombres,262035902,20680,89,1
4963,AS+Spartacus,218159097,16732,38,2
14615,P+E+A+C+E,3607501,273,1,30