14500,La+horde+d%27or,27432,2,1,87
15589,Vengeance,61430,12,3,82
15588,Jo+jo+76,87745,9,1,77
15659,%2A+Solo+%2A,249163,23,1,68
15652,ALTZAYA,1507,1,1,105
15541,feur,117942,14,1,76
15513,Lusithania,1065587,90,1,48
15655,Soloooo,15382,4,1,92
15545,terra+nostrum,66024,12,1,81
15581,Toulousain,23364,4,1,89
15668,Amiante,6002,1,1,97
14892,Rantanplan,3655827,320,2,33
15596,-+L%27hort+de+las+Fadas+-,609513,53,1,54
15458,my+name+is+nobody,608182,53,1,55
15518,VALENTIA,123709,13,1,75
15274,FORZA+BRETANIA,240503,30,1,70
15654,%C3%80+la+Retraite,4156,2,1,100
15644,Guerre+et+Sagesse,22041,5,1,90
15525,CHAM+MB1,82296,6,1,78
15323,Solo,1393872,112,1,44
5163,Gold-Oracle,756390,63,1,49
15649,Auld+Alliance,10648,2,1,93
15675,Duo+vs+Squad,6960,3,2,95
15673,1234,1049,1,1,106
15669,Hommage+%C3%A0+couscous+15,3441802,270,1,35
15447,shadow+of+sparta,223106,20,1,72
15593,lucky,277278,28,1,65
15567,Les+Chalors,435160,36,1,60
15665,Por+la+vida,79181,25,2,79
15382,Pays+du+Silence,5418635,405,1,26
15477,POUR+LE+FUN,531217,47,1,58
15486,LES+BARBOUZES,685203,104,3,51
15247,belgica,76226,17,1,80
15677,Irr%C3%A8ductibles,7415412,543,1,22
15680,Killing+Joke,2809,1,1,103
15400,Elise,697583,87,1,50
15670,bedoul,3562,1,1,102
15650,Ordre+du+Temple,4490,1,1,99
14962,Les+Hoplites,3098520,240,2,40
15052,SG.1,670567,73,1,53
15678,Kylin,3612,2,1,101
15666,Ligue+de+D%C3%A9los,1362683,115,1,45
15309,Les+fr%C3%A8res+d%27armes,1361255,119,2,46
15098,le+ph%C3%A9nix,3101497,325,4,39
15679,Gina55,1638,1,1,104
15676,Qhatborh,5790,3,1,98
15609,-%3DLes+fils+de+Ragnarr%3D-,51671,7,1,84
15585,RAINBOW+SIX,5054409,381,2,28
15265,melni+sans+fin,604961,56,1,56
15548,Gardes+Forestier,341086,34,1,63
13387,Carr%C3%A9+Manchot,1167392,121,1,47
11534,Le+Clan+des+Sages,14444331,1088,5,15
15576,Europa+libre,208432,24,2,73
14655,Tousencamion,4641897,357,4,30
15521,Les+Pieds+Nickel%C3%A9s,2759447,252,9,41
14939,Pas+plus+bas...,228,1,1,107
15664,Bim+Bim+Bam,57860,8,1,83
15359,Dragons+Force,13457769,1108,16,16
12897,VI+-+INVICTUS+-+MMXVII,3264992,240,1,37
15465,Cocorico,476442,42,2,59
15639,Empire+romain+d%27orient,43599,7,1,85
6234,les+Achilliens,582133,49,2,57
469,Amis+de+la+Paix+Bor%C3%A9ale,30418263,2468,10,7
15207,teamgers,2430327,181,1,43
10229,La+Table+Ronde,21849695,1750,11,11
625,Vivre+libre+ou+mourir,100481824,7849,21,3
11427,%2A%2A+Corsaires+%2A%2A,9886618,732,2,18
15642,ugyfydtd,10533,4,1,94
15559,Force+et+robustesse,673926,51,1,52
14643,LES+VIEUX+DE+LA+VIEILLE.,3635518,301,1,34
15573,en+solitaire,360110,34,1,61
7360,isis+rem,5392534,397,1,27
15624,S%C3%A9quanes,175771,27,8,74
13530,Neutre,27533094,2066,5,8
15600,Fr%C3%A8res+de+la+C%C3%B4te,6621,3,3,96
13938,Phenix,47344974,3774,7,5
2547,Ligue+ach%C3%A9enne,27175966,2019,6,9
15378,les+disparus,253207,30,1,67
15039,LES+MAYAS,12080991,1067,4,17
13860,Claymore,7427672,560,1,21
12045,214l,9863342,725,1,19
12541,coucou+c%27est+moi,9181032,688,1,20
15672,PALAS,244238,52,22,69
6369,%2A+Xeniteas+%2A,25963385,2491,47,10
3393,Blood+and+Sand,2463506,180,1,42
13109,La+Terrasse,17581,3,2,91
15660,Lez+Hyst%C3%A9riques,42023,8,1,86
7613,SEBHARIBO,356931,34,4,62
15188,Irr%C3%A9ductibles,14472468,1097,5,14
15130,Band+Of+Brothers,14965771,1210,5,13
15667,%2A-l%C3%A9gionellose-%2A,26814,4,1,88
9666,Union+Fortifi%C3%A9,3371187,247,1,36
14644,Amorphis,3204024,258,1,38
11190,Club+Wanadoo,268867,57,1,66
13511,L%27Odyss%C3%A9e,7080531,548,3,23
12645,-%3DOlympus%3D-,4915381,373,2,29
13738,A+Flo,281575,34,1,64
14828,GA+XX,238787,18,3,71
9741,Hyperborea+Sans+Fin,17688540,1406,5,12
14568,Le+Serpentaire,6952769,590,1,24
11887,GREPO+SOLO,4001010,390,14,31
2568,Force+Honneur+bbaannzzzz,46176516,3442,16,6
2797,Les+Dieux+Olympiens,61792315,4793,14,4
4220,Chim%C3%A8re,6367716,607,6,25
4629,Renaissance+des+Sombres,243972542,19351,80,1
4963,AS+Spartacus,212029713,16278,37,2
14615,P+E+A+C+E,3894882,293,1,32
