14500,La+horde+d%27or,27432,2,1,87
6234,les+Achilliens,580142,48,2,57
15589,Vengeance,58660,12,3,81
15588,Jo+jo+76,85707,9,1,77
15652,ALTZAYA,1494,1,1,104
15674,Spartiates+en+Tongues,1701,1,1,102
15655,Soloooo,12644,3,1,92
14892,Rantanplan,3640135,319,2,33
15545,terra+nostrum,62526,12,1,80
15581,Toulousain,22899,4,1,89
15668,Amiante,6002,1,1,96
15513,Lusithania,1048373,88,1,48
15638,exit,30280,5,1,86
15477,POUR+LE+FUN,506114,46,1,58
15458,my+name+is+nobody,606433,53,1,54
15518,VALENTIA,122373,13,1,75
15660,Lez+Hyst%C3%A9riques,27421,6,1,88
15382,Pays+du+Silence,5382766,403,1,26
15654,%C3%80+la+Retraite,3882,2,1,98
15644,Guerre+et+Sagesse,21603,5,1,90
15596,-+L%27hort+de+las+Fadas+-,580347,50,1,56
15525,CHAM+MB1,82296,6,1,78
15274,FORZA+BRETANIA,233743,29,1,69
5163,Gold-Oracle,754288,63,1,49
15649,Auld+Alliance,10468,2,1,93
15659,%2A+Solo+%2A,199984,19,1,71
15673,1234,1049,1,1,106
15669,Hommage+%C3%A0+couscous+15,3441802,270,1,35
15447,shadow+of+sparta,222856,20,1,70
15665,Por+la+vida,39060,17,2,85
15567,Les+Chalors,423696,36,1,60
15593,lucky,251719,27,1,67
15541,feur,111832,13,1,76
15675,Duo+vs+Squad,3321,2,2,100
15486,LES+BARBOUZES,668877,104,3,51
15247,belgica,75605,17,1,79
15677,Irr%C3%A8ductibles,7415213,543,1,22
15323,Solo,1368048,110,1,44
15400,Elise,669185,86,1,50
15670,bedoul,2464,1,1,101
15650,Ordre+du+Temple,3515,1,1,99
15667,Les+Freres+Ensanglant%C3%A9,9502,4,4,95
15052,SG.1,666665,73,1,52
15359,Dragons+Force,13351610,1100,16,16
15666,Ligue+de+D%C3%A9los,1361517,115,1,45
15585,RAINBOW+SIX,5034013,380,2,28
15309,Les+fr%C3%A8res+d%27armes,1331524,115,2,46
15676,Qhatborh,1566,1,1,103
15678,Kylin,1192,1,1,105
15609,-%3DLes+fils+de+Ragnarr%3D-,51671,7,1,82
15265,melni+sans+fin,600623,56,1,55
15098,le+ph%C3%A9nix,3057918,323,4,40
15548,Gardes+Forestier,336235,34,1,63
13387,Carr%C3%A9+Manchot,1167391,121,1,47
11534,Le+Clan+des+Sages,14401560,1085,5,15
15576,Europa+libre,197102,23,2,72
14655,Tousencamion,4606938,345,4,30
15465,Cocorico,459841,41,2,59
14939,Pas+plus+bas...,228,1,1,107
15664,Bim+Bim+Bam,46529,8,1,83
15521,Les+Pieds+Nickel%C3%A9s,2588797,240,8,41
14962,Les+Hoplites,3060855,239,2,39
12897,VI+-+INVICTUS+-+MMXVII,3264440,240,1,37
15639,Empire+romain+d%27orient,39881,7,1,84
625,Vivre+libre+ou+mourir,100695055,7821,21,3
15207,teamgers,2391766,179,1,43
15624,S%C3%A9quanes,168035,26,8,74
10229,La+Table+Ronde,21702203,1737,11,11
15642,ugyfydtd,10055,4,1,94
15559,Force+et+robustesse,640016,49,1,53
14643,LES+VIEUX+DE+LA+VIEILLE.,3606482,298,1,34
15573,en+solitaire,352946,34,1,61
7360,isis+rem,5381292,396,1,27
11427,%2A%2A+Corsaires+%2A%2A,9856744,727,2,18
15600,Fr%C3%A8res+de+la+C%C3%B4te,5108,2,2,97
13938,Phenix,47246665,3767,7,5
13530,Neutre,27520146,2066,5,8
12541,coucou+c%27est+moi,9119768,674,1,20
15378,les+disparus,251848,30,1,66
13860,Claymore,7426360,560,1,21
12045,214l,9839977,724,1,19
15672,PALAS,172808,40,15,73
15039,LES+MAYAS,11987038,1057,4,17
2547,Ligue+ach%C3%A9enne,27105252,2015,6,9
6369,%2A+Xeniteas+%2A,25582356,2462,48,10
469,Amis+de+la+Paix+Bor%C3%A9ale,30038073,2438,10,7
3393,Blood+and+Sand,2463506,180,1,42
13109,La+Terrasse,17581,3,2,91
7613,SEBHARIBO,347674,33,4,62
15188,Irr%C3%A9ductibles,14452383,1096,5,14
15130,Band+Of+Brothers,14929801,1210,5,13
9666,Union+Fortifi%C3%A9,3363815,247,1,36
14644,Amorphis,3191470,258,1,38
11190,Club+Wanadoo,261696,56,1,65
13511,L%27Odyss%C3%A9e,7052691,546,3,23
12645,-%3DOlympus%3D-,4890135,370,2,29
13738,A+Flo,281222,34,1,64
14828,GA+XX,238787,18,3,68
14568,Le+Serpentaire,6925680,588,1,24
9741,Hyperborea+Sans+Fin,17649498,1404,5,12
11887,GREPO+SOLO,3939681,382,14,31
2797,Les+Dieux+Olympiens,61552618,4773,14,4
2568,Force+Honneur+bbaannzzzz,45942006,3430,16,6
4220,Chim%C3%A8re,6355934,605,5,25
14615,P+E+A+C+E,3868495,291,1,32
4629,Renaissance+des+Sombres,243395623,19299,81,1
4963,AS+Spartacus,211617506,16231,37,2