15644,Guerre+et+Sagesse,56308,8,1,83
14500,La+horde+d%27or,27432,2,1,87
469,Amis+de+la+Paix+Bor%C3%A9ale,31353545,2538,10,7
15323,Solo,1545719,123,1,42
15652,ALTZAYA,1507,1,1,95
15680,Killing+Joke,17424,3,1,89
15589,Vengeance,83968,14,3,76
15687,RES+NON+VERBA,11369419,839,1,17
15567,Les+Chalors,518802,43,1,58
15518,VALENTIA,136625,17,1,73
15274,FORZA+BRETANIA,259384,32,1,67
15486,LES+BARBOUZES,999372,120,3,47
15545,terra+nostrum,77053,12,1,79
15382,Pays+du+Silence,5556292,414,1,25
15655,Soloooo,30810,5,1,85
15477,POUR+LE+FUN,622397,58,1,57
15513,Lusithania,1199131,99,1,45
15659,%2A+Solo+%2A,478138,45,1,59
15665,Por+la+vida,364558,40,2,63
15541,feur,143513,19,1,72
15670,bedoul,10753,5,1,91
15654,%C3%80+la+Retraite,5333,2,1,92
5163,Gold-Oracle,772954,65,1,52
15581,Toulousain,62703,8,1,81
15447,shadow+of+sparta,224206,20,1,70
14892,Rantanplan,3763438,328,2,32
15525,CHAM+MB1,96101,11,1,74
15458,my+name+is+nobody,700296,60,1,53
15247,belgica,89347,17,1,75
15400,Elise,774423,87,1,51
15585,RAINBOW+SIX,5390085,405,2,27
15052,SG.1,690451,75,1,54
15309,Les+fr%C3%A8res+d%27armes,1437385,127,3,44
6369,%2A+Xeniteas+%2A,27418765,2580,38,9
15265,melni+sans+fin,626672,58,1,56
15679,Gina55,3772,1,1,94
15666,Ligue+de+D%C3%A9los,1483041,121,1,43
15678,Kylin,41508,8,1,84
15676,Qhatborh,56478,14,1,82
15548,Gardes+Forestier,422160,41,1,60
15098,le+ph%C3%A9nix,3321511,340,4,36
13387,Carr%C3%A9+Manchot,1170552,121,1,46
15684,-+L%27Hort+de+las+Fadas+-,891463,68,1,48
15639,Empire+romain+d%27orient,83514,12,1,77
15576,Europa+libre,231456,27,2,69
14655,Tousencamion,4755399,362,4,29
12897,VI+-+INVICTUS+-+MMXVII,3276935,243,1,38
14939,Pas+plus+bas...,228,1,1,96
15664,Bim+Bim+Bam,75784,8,1,80
6234,les+Achilliens,626904,51,2,55
15521,Les+Pieds+Nickel%C3%A9s,3417846,306,9,34
15465,Cocorico,278358,21,1,65
15359,Dragons+Force,8160590,858,23,20
15559,Force+et+robustesse,864866,64,1,50
11534,Le+Clan+des+Sages,14734479,1106,5,15
15624,S%C3%A9quanes,77842,11,4,78
11427,%2A%2A+Corsaires+%2A%2A,10138990,748,2,18
7360,isis+rem,5464640,403,1,26
15207,teamgers,2604210,198,1,40
10229,La+Table+Ronde,22605691,1813,11,11
14643,LES+VIEUX+DE+LA+VIEILLE.,3762711,311,2,33
15188,Irr%C3%A9ductibles,15204440,1152,6,14
15682,Chez+moi,27839,6,1,86
15573,en+solitaire,420849,41,1,61
15672,PALAS,872460,156,50,49
2547,Ligue+ach%C3%A9enne,27459936,2033,5,8
15600,Fr%C3%A8res+de+la+C%C3%B4te,14792,4,2,90
15039,LES+MAYAS,12631118,1113,4,16
13938,Phenix,47951091,3827,7,5
13860,Claymore,7428327,560,1,21
15378,les+disparus,4061,3,3,93
12541,coucou+c%27est+moi,9251515,688,1,19
13530,Neutre,23761234,1790,4,10
3393,Blood+and+Sand,2487357,182,1,41
15660,Lez+Hyst%C3%A9riques,151842,19,1,71
13109,La+Terrasse,17895,3,2,88
14962,Les+Hoplites,3287196,257,2,37
625,Vivre+libre+ou+mourir,88115005,6786,14,3
15130,Band+Of+Brothers,16141926,1301,5,13
7613,SEBHARIBO,399018,36,3,62
9666,Union+Fortifi%C3%A9,3397051,250,1,35
14644,Amorphis,3275144,268,1,39
12645,-%3DOlympus%3D-,5018911,383,2,28
11190,Club+Wanadoo,270390,57,1,66
13511,L%27Odyss%C3%A9e,7273414,557,2,22
13738,A+Flo,301747,37,1,64
14828,GA+XX,238787,18,3,68
9741,Hyperborea+Sans+Fin,16222093,1279,4,12
14568,Le+Serpentaire,7055325,599,1,23
11887,GREPO+SOLO,4111594,395,16,30
2568,Force+Honneur+bbaannzzzz,45379717,3380,14,6
2797,Les+Dieux+Olympiens,65844163,5100,19,4
4220,Chim%C3%A8re,6474428,618,5,24
4963,AS+Spartacus,215628537,16600,38,2
14615,P+E+A+C+E,4043426,305,1,31
4629,Renaissance+des+Sombres,260054211,20588,80,1
