15644,Guerre+et+Sagesse,63221,8,1,81
14500,La+horde+d%27or,27432,2,1,84
15541,feur,177692,23,1,72
15274,FORZA+BRETANIA,271107,33,1,66
15652,ALTZAYA,1507,1,1,94
15659,%2A+Solo+%2A,614159,56,1,58
15691,Nihilia,7020,2,1,89
5163,Gold-Oracle,776486,66,1,52
15694,terra+nostrum,1413,1,1,95
15670,bedoul,17691,6,1,88
15518,VALENTIA,151828,19,2,73
15477,POUR+LE+FUN,664833,62,1,55
15382,Pays+du+Silence,5595150,418,1,24
15693,La+Force,1806,1,1,93
15696,Farmer%27s,782,1,1,96
15513,Lusithania,1255176,103,1,45
15486,LES+BARBOUZES,1062153,123,3,48
15665,Por+la+vida,420056,44,2,63
15687,RES+NON+VERBA,11457999,846,1,17
15458,my+name+is+nobody,774853,66,1,53
15654,%C3%80+la+Retraite,5771,2,1,91
15567,Les+Chalors,568610,50,1,59
15323,Solo,1627761,128,1,42
15581,Toulousain,66254,8,1,80
15447,shadow+of+sparta,224628,20,1,70
15525,CHAM+MB1,106339,11,1,75
14892,Rantanplan,1832078,141,1,41
15247,belgica,91502,17,1,77
15400,Elise,781073,87,1,51
15309,Les+fr%C3%A8res+d%27armes,1473382,129,3,44
15098,le+ph%C3%A9nix,2444798,245,3,40
15052,SG.1,694381,75,1,54
15666,Ligue+de+D%C3%A9los,1482326,122,2,43
15678,Kylin,60305,13,1,82
15585,RAINBOW+SIX,5476137,410,2,26
15679,Gina55,6353,1,1,90
15265,melni+sans+fin,644677,61,1,57
6234,les+Achilliens,653103,53,2,56
15676,Qhatborh,89228,14,1,78
15548,Gardes+Forestier,435859,41,1,61
12897,VI+-+INVICTUS+-+MMXVII,3295979,245,1,36
13387,Carr%C3%A9+Manchot,1171356,121,1,46
15664,Bim+Bim+Bam,96767,15,1,76
15521,Les+Pieds+Nickel%C3%A9s,3566360,316,9,33
11534,Le+Clan+des+Sages,14794336,1113,5,15
15639,Empire+romain+d%27orient,110324,14,1,74
15576,Europa+libre,234682,28,2,69
14939,Pas+plus+bas...,228,1,1,97
15692,L%27homme+sans+qualit%C3%A9s,18303,3,1,86
14655,Tousencamion,4780082,364,4,28
15684,-+L%27Hort+de+las+Fadas+-,961504,76,1,49
15465,Cocorico,280951,21,1,65
15359,Dragons+Force,3912143,452,19,31
15559,Force+et+robustesse,915206,70,1,50
15573,en+solitaire,443410,48,1,60
10229,La+Table+Ronde,22947382,1836,11,11
11427,%2A%2A+Corsaires+%2A%2A,10259470,752,2,18
15624,S%C3%A9quanes,73704,11,3,79
15682,Chez+moi,52182,8,1,83
15188,Irr%C3%A9ductibles,15331460,1161,6,14
14643,LES+VIEUX+DE+LA+VIEILLE.,3845969,316,1,32
15207,teamgers,2670522,204,1,38
7360,isis+rem,5511447,407,1,25
469,Amis+de+la+Paix+Bor%C3%A9ale,31470762,2547,10,7
15672,PALAS,1123367,174,46,47
6369,%2A+Xeniteas+%2A,27782339,2596,34,8
15378,les+disparus,4409,3,3,92
13938,Phenix,48153144,3845,7,5
15600,Fr%C3%A8res+de+la+C%C3%B4te,18508,5,2,85
13860,Claymore,7428817,560,1,20
15039,LES+MAYAS,12809155,1130,4,16
2547,Ligue+ach%C3%A9enne,27201623,2004,4,9
12541,coucou+c%27est+moi,9258796,688,1,19
13530,Neutre,23799135,1790,4,10
14962,Les+Hoplites,3356788,260,2,35
3393,Blood+and+Sand,2515951,184,1,39
13109,La+Terrasse,18123,3,2,87
15660,Lez+Hyst%C3%A9riques,208064,24,1,71
625,Vivre+libre+ou+mourir,88631228,6823,14,3
15130,Band+Of+Brothers,16182575,1310,5,13
7613,SEBHARIBO,422297,38,3,62
9666,Union+Fortifi%C3%A9,3404870,250,1,34
14644,Amorphis,3290903,268,1,37
12645,-%3DOlympus%3D-,5100869,387,2,27
11190,Club+Wanadoo,270665,57,1,67
13511,L%27Odyss%C3%A9e,7356061,563,3,21
13738,A+Flo,302956,37,1,64
14828,GA+XX,238877,18,3,68
14568,Le+Serpentaire,7106785,602,1,22
9741,Hyperborea+Sans+Fin,16306916,1283,4,12
11887,GREPO+SOLO,4189108,400,15,29
2568,Force+Honneur+bbaannzzzz,45241830,3367,13,6
2797,Les+Dieux+Olympiens,66643584,5161,19,4
4220,Chim%C3%A8re,6494291,622,6,23
4963,AS+Spartacus,211690794,16304,37,2
14615,P+E+A+C+E,4118480,310,1,30
4629,Renaissance+des+Sombres,266751172,21182,82,1
