15486,LES+BARBOUZES,888575,113,3,47
14500,La+horde+d%27or,27432,2,1,86
15541,feur,125437,18,1,73
15589,Vengeance,76565,12,3,77
15665,Por+la+vida,241562,35,2,68
15652,ALTZAYA,1507,1,1,99
15670,bedoul,7306,3,1,94
15323,Solo,1466995,119,1,42
15567,Les+Chalors,479793,43,1,58
15659,%2A+Solo+%2A,361246,36,1,63
15274,FORZA+BRETANIA,254822,32,1,66
15458,my+name+is+nobody,661376,58,1,53
15545,terra+nostrum,74311,12,1,78
15581,Toulousain,53321,6,1,82
15655,Soloooo,23332,5,1,88
14892,Rantanplan,3708756,325,2,31
15518,VALENTIA,127079,15,1,72
15513,Lusithania,1140767,95,1,46
15477,POUR+LE+FUN,593812,52,1,56
15382,Pays+du+Silence,5514330,410,1,23
15654,%C3%80+la+Retraite,5092,2,1,96
15644,Guerre+et+Sagesse,46159,7,1,84
5163,Gold-Oracle,767314,63,1,48
15649,Auld+Alliance,11424,2,1,90
15685,Stella,1469,1,1,100
15669,Hommage+%C3%A0+couscous+15,3441802,270,1,33
15447,shadow+of+sparta,223770,20,1,71
15525,CHAM+MB1,87281,11,1,75
15680,Killing+Joke,11332,3,1,91
15247,belgica,81296,17,1,76
15400,Elise,764202,87,1,50
15098,le+ph%C3%A9nix,3236782,333,4,38
15052,SG.1,682477,74,1,52
6369,%2A+Xeniteas+%2A,26915880,2556,41,9
15679,Gina55,2797,1,1,98
15678,Kylin,23991,6,1,87
15609,-%3DLes+fils+de+Ragnarr%3D-,51671,7,1,83
15309,Les+fr%C3%A8res+d%27armes,1394317,122,2,44
15548,Gardes+Forestier,391024,41,1,61
15265,melni+sans+fin,610596,56,1,54
15676,Qhatborh,28898,7,1,85
15585,RAINBOW+SIX,5306788,399,2,25
15666,Ligue+de+D%C3%A9los,1423201,118,1,43
13387,Carr%C3%A9+Manchot,1167872,121,1,45
15465,Cocorico,551496,45,2,57
15359,Dragons+Force,3939899,436,22,30
15684,-+L%27Hort+de+las+Fadas+-,741026,61,1,51
15639,Empire+romain+d%27orient,63202,10,1,81
14655,Tousencamion,4710058,360,4,27
15188,Irr%C3%A9ductibles,15045337,1140,6,14
15521,Les+Pieds+Nickel%C3%A9s,3262140,288,9,36
14939,Pas+plus+bas...,228,1,1,101
15664,Bim+Bim+Bam,70113,8,1,79
12897,VI+-+INVICTUS+-+MMXVII,3266721,241,1,35
6234,les+Achilliens,596596,49,2,55
15576,Europa+libre,226559,26,2,70
11534,Le+Clan+des+Sages,14638903,1100,5,15
15624,S%C3%A9quanes,68645,11,4,80
15682,Chez+moi,6968,3,1,95
10229,La+Table+Ronde,22248236,1777,12,11
11427,%2A%2A+Corsaires+%2A%2A,10010575,743,2,17
7360,isis+rem,5430631,401,1,24
15642,ugyfydtd,11133,4,1,92
15559,Force+et+robustesse,765706,58,1,49
14643,LES+VIEUX+DE+LA+VIEILLE.,3699452,307,2,32
469,Amis+de+la+Paix+Bor%C3%A9ale,31105211,2515,10,7
15207,teamgers,2534533,190,1,40
15573,en+solitaire,399155,41,1,60
15672,PALAS,453076,90,35,59
13530,Neutre,23665529,1782,4,10
15600,Fr%C3%A8res+de+la+C%C3%B4te,9542,3,3,93
2547,Ligue+ach%C3%A9enne,27423947,2036,6,8
15686,felixia,4891,4,4,97
13938,Phenix,47726986,3805,7,5
15378,les+disparus,254244,30,1,67
13860,Claymore,7431069,560,1,19
15039,LES+MAYAS,12371759,1089,4,16
12541,coucou+c%27est+moi,9224216,688,1,18
14962,Les+Hoplites,3236049,256,2,39
3393,Blood+and+Sand,2463506,180,1,41
13109,La+Terrasse,17895,3,2,89
625,Vivre+libre+ou+mourir,101426075,7943,21,3
15660,Lez+Hyst%C3%A9riques,96650,14,1,74
7613,SEBHARIBO,377816,35,3,62
15130,Band+Of+Brothers,15979189,1289,5,13
9666,Union+Fortifi%C3%A9,3388548,249,1,34
14644,Amorphis,3239747,258,1,37
11190,Club+Wanadoo,268953,57,1,65
13511,L%27Odyss%C3%A9e,7184550,553,2,20
12645,-%3DOlympus%3D-,4969177,376,2,26
13738,A+Flo,298173,37,1,64
14828,GA+XX,238787,18,3,69
9741,Hyperborea+Sans+Fin,17823821,1419,5,12
14568,Le+Serpentaire,7013607,596,1,21
11887,GREPO+SOLO,4016235,383,14,28
2797,Les+Dieux+Olympiens,64910390,5029,16,4
2568,Force+Honneur+bbaannzzzz,44884806,3342,15,6
4220,Chim%C3%A8re,6414299,613,5,22
14615,P+E+A+C+E,3967244,299,1,29
4963,AS+Spartacus,213890772,16458,37,2
4629,Renaissance+des+Sombres,257925543,20362,78,1
