15644,Guerre+et+Sagesse,53532,8,1,83
14500,La+horde+d%27or,27432,2,1,87
15541,feur,128556,18,1,73
15382,Pays+du+Silence,5531191,412,1,25
15477,POUR+LE+FUN,605552,54,1,57
15652,ALTZAYA,1507,1,1,97
15458,my+name+is+nobody,682488,59,1,54
15670,bedoul,9461,4,1,93
15567,Les+Chalors,494303,43,1,60
15513,Lusithania,1163800,96,1,47
15274,FORZA+BRETANIA,258182,32,1,68
15589,Vengeance,81014,13,3,77
15545,terra+nostrum,74483,12,1,79
15581,Toulousain,56955,6,1,82
15655,Soloooo,28644,5,1,86
14892,Rantanplan,3728972,325,2,32
15659,%2A+Solo+%2A,395319,37,1,63
15323,Solo,1500344,121,1,43
15486,LES+BARBOUZES,938326,116,3,48
15649,Auld+Alliance,13046,3,1,90
15518,VALENTIA,130311,16,1,72
15654,%C3%80+la+Retraite,5159,2,1,95
5163,Gold-Oracle,771331,65,1,51
15665,Por+la+vida,296755,36,2,66
15687,RES+NON+VERBA,11317568,835,1,17
15685,Stella,1469,1,1,98
15669,Hommage+%C3%A0+couscous+15,3441802,270,1,34
15447,shadow+of+sparta,224168,20,1,71
15525,CHAM+MB1,90347,11,1,75
15680,Killing+Joke,13731,3,1,89
15247,belgica,84842,17,1,76
15400,Elise,769106,87,1,52
15585,RAINBOW+SIX,5339215,400,2,27
15309,Les+fr%C3%A8res+d%27armes,1397515,123,3,45
15052,SG.1,684665,74,1,53
15098,le+ph%C3%A9nix,3269447,335,4,38
15265,melni+sans+fin,618839,58,1,56
15679,Gina55,3366,1,1,96
6234,les+Achilliens,603679,50,2,58
15666,Ligue+de+D%C3%A9los,1476410,121,1,44
15678,Kylin,35572,8,1,85
15676,Qhatborh,37532,8,1,84
15548,Gardes+Forestier,403176,41,1,62
13387,Carr%C3%A9+Manchot,1170552,121,1,46
15465,Cocorico,557021,45,2,59
12897,VI+-+INVICTUS+-+MMXVII,3270829,242,1,37
15684,-+L%27Hort+de+las+Fadas+-,792119,63,1,50
15639,Empire+romain+d%27orient,69754,11,1,81
14939,Pas+plus+bas...,228,1,1,100
15664,Bim+Bim+Bam,74852,8,1,78
15359,Dragons+Force,7714876,809,23,20
15188,Irr%C3%A9ductibles,15124953,1145,6,14
15576,Europa+libre,226852,26,2,70
15521,Les+Pieds+Nickel%C3%A9s,3357155,297,9,36
6369,%2A+Xeniteas+%2A,27321500,2587,43,9
14655,Tousencamion,4734020,361,4,29
469,Amis+de+la+Paix+Bor%C3%A9ale,31232587,2525,10,7
15682,Chez+moi,12727,4,1,91
15624,S%C3%A9quanes,72881,11,4,80
15207,teamgers,2559833,192,1,41
15642,ugyfydtd,11133,4,1,92
15559,Force+et+robustesse,801695,60,1,49
10229,La+Table+Ronde,22359179,1798,12,11
11534,Le+Clan+des+Sages,14671805,1101,5,15
7360,isis+rem,5446044,402,1,26
14643,LES+VIEUX+DE+LA+VIEILLE.,3716213,308,2,33
15573,en+solitaire,408818,41,1,61
11427,%2A%2A+Corsaires+%2A%2A,10055162,744,2,18
15672,PALAS,626958,115,37,55
2547,Ligue+ach%C3%A9enne,27400820,2031,5,8
15378,les+disparus,1062,2,2,99
15600,Fr%C3%A8res+de+la+C%C3%B4te,9292,2,2,94
13860,Claymore,7430085,560,1,21
13530,Neutre,23717383,1786,4,10
13938,Phenix,47805198,3813,7,5
15039,LES+MAYAS,12481490,1098,4,16
12541,coucou+c%27est+moi,9237449,688,1,19
625,Vivre+libre+ou+mourir,92323730,7261,19,3
3393,Blood+and+Sand,2463506,180,1,42
13109,La+Terrasse,17895,3,2,88
14962,Les+Hoplites,3257120,257,2,39
15660,Lez+Hyst%C3%A9riques,115760,16,1,74
15130,Band+Of+Brothers,16084328,1298,5,13
7613,SEBHARIBO,387445,36,3,64
9666,Union+Fortifi%C3%A9,3391454,250,1,35
14644,Amorphis,3253195,258,1,40
12645,-%3DOlympus%3D-,4998764,381,2,28
11190,Club+Wanadoo,268980,57,1,67
13511,L%27Odyss%C3%A9e,7222745,555,2,22
13738,A+Flo,301291,37,1,65
14828,GA+XX,238787,18,3,69
14568,Le+Serpentaire,7029568,597,1,23
9741,Hyperborea+Sans+Fin,17866833,1426,5,12
11887,GREPO+SOLO,4061954,388,15,30
2568,Force+Honneur+bbaannzzzz,45104717,3356,14,6
2797,Les+Dieux+Olympiens,65316516,5062,17,4
4220,Chim%C3%A8re,6434547,615,5,24
14615,P+E+A+C+E,3996719,301,1,31
4629,Renaissance+des+Sombres,252788625,19856,76,1
4963,AS+Spartacus,214656447,16524,38,2
