4301687,totomoha,15672,1316,477,1
849073280,MAP54,6369,5509,433,1
849020486,COCO61,,1227,481,1
849108826,Azala207,,0,516,0
849102309,AresCool,15665,180079,317,21
1948293,jyulandoli,4963,669339,241,73
4416740,JAILOO,15359,20455,403,4
186193,MICHELBRU,4629,7004557,53,517
849101797,Gedeon29,15624,21136,402,3
849104179,Guildebruck,6369,8409,426,2
849084709,Samsam,15589,37329,382,6
849003182,Clade10,6369,180062,318,18
849104203,cosette,15672,6731,430,2
849056240,calistaWAR,,0,517,0
849108692,Electre,,1266,480,1
4169431,boccarossa06,2547,463636,271,46
849108036,Spyc1cal,,527,503,1
849107715,Deus,,527,502,1
1470129,Saint+Achille+Akhilleus,10229,82257,350,8
848936177,marsiud,11887,459696,273,76
849082607,Utaelu,15682,22593,400,6
3222309,bissaquine,2797,394733,280,36
849096983,Strobopop,,221,512,1
849081800,Luxurius,15600,8725,425,1
4247039,jijitobaba,14939,228,510,1
848946367,benuche35,15274,259384,302,32
4897404,Fa%C3%AFdel,15672,1181,482,1
849091702,rosar45,,513,504,1
4910149,bionana,15672,13656,416,4
849054970,Scribe,,13627,417,3
849085582,derbantin,15521,337065,288,30
849103375,JIMINI,15672,782,491,1
4500678,putolis,,573,496,1
849089235,Prince+Clem,15672,3541,445,1
4895054,pastisricard,10229,532064,259,45
849106953,MVS89,11887,6140,432,2
849097145,Ar+Ankou,2797,1871,456,1
849107113,eclesias,,1625,463,1
1092993,SALAMANDE,2797,1557,468,1
849107112,Oposaum,,1834,457,1
4544980,king-one,15672,1785,459,1
849004488,Adriana,15672,43726,377,9
849094979,Jaemsdu82370,6369,39860,380,4
849063757,Tetsuo69,15672,792,490,1
849098926,Justine,6369,65637,363,7
335335,taxi72009,469,4905922,86,432
3525673,nene194,,565,497,1
849060950,Ttinair,15672,1079,483,1
849070442,solei,4220,17460,409,3
604154,lalouve66,4963,4592064,93,338
849093988,Pri0xx,625,26268,395,5
849105783,Ganorzek,2797,2982,447,1
2013273,Malraux,2547,3741165,116,273
848963127,SILVER6299,15672,11684,419,4
849101693,Solivagant,4963,168493,322,17
2599009,batata1978,,738,492,1
849104429,Rayvar,15672,1292,478,1
849103668,Anthony+2026,15672,21462,401,4
849054895,kiezer,6369,89840,346,9
849107805,sasori13127,,413,508,1
849079470,mans31,6369,210517,315,16
849096570,rico011,14655,23160,399,4
1383865,hemdall,15672,1317,476,1
781488,jugui,15687,11344952,15,837
849100862,Lempicka-4,2568,13296,418,2
849107425,Fatim+de+Bylcs,15309,542,500,1
1888010,legion95,13530,10109814,19,739
849057623,canard29870,,1598,465,1
849096521,zenit031,14655,23387,398,4
2564622,drattoc,7613,376300,282,32
849101076,youngboss,,197,515,1
849100743,Manaim,15655,30810,388,5
849033011,lutsu,15654,5279,435,2
849039453,frederic94,,1282,479,1
849102187,centurion02,11887,2541,450,1
1425420,gina55,15679,3690,444,1
849106617,Troupsi,15672,1544,469,1
849108909,Verbalisator,2797,1570,466,1
848938194,marcob1,15525,94483,344,11
849107147,Jaoct,,585,495,1
849107460,Rootwood,15672,793,489,1
848883365,Aegidius97,15672,197,513,1
849103435,Sans,,7073,428,1
3366852,rolando1,11534,4529958,98,333
849082897,Timinho,,545,499,1
849094802,Espadon+Fougueux,15624,37267,383,3
849107237,Mathleo,6369,1381,473,1
657934,Kloter,11887,1045,484,1
849108815,Domtorreto09,,511,505,1
4859301,zankyx,,243,509,1
849102526,DeL-Ba,15359,17644,407,3
849107935,Weky,,690,493,1
848985825,miltiade68,15672,128407,334,14
4820234,caeron,,890,487,1
577906,Robdumo,,532,501,1
849080538,Minifreee23,15378,1531,470,1
3843299,kloter+sans+terre,,645,494,1
1320435,Hiram+Abif,13109,564,498,1
849103149,jacknapadi,11887,18457,405,3
848953976,Ath%C3%A9na%C3%AFs2307,6369,1968181,166,152
849082486,Imer19,6369,483474,268,48
849107381,K4esseMAzz,,197,514,1
119662,thyn,15672,2353,452,1
1542840,henrick69,15359,48739,374,6
4638190,MaxInf,,497,506,1
4311892,nic0b01,6369,226007,311,26
849061643,-hpfer-,15576,62032,364,5
1842266,Touifi,15548,415566,278,41
849102549,CBB39,15359,2070,454,1
3443166,NWAWS,15660,138480,331,18
189623,dobigny.n,10229,6988043,54,557
849085513,watsolmes,15521,218988,314,24
849052930,eric+9865,7613,10778,420,2
1416438,zeushercules,14643,3436,446,1
380152,crazyfilou,625,4988070,85,389
3745681,Kotani,15664,75310,357,8
2449294,TexMex,6369,1339289,191,111
849107174,raf54paf,15672,1600,464,1
1717618,snackiller,6369,750518,228,60
849079995,urka,11887,49868,371,4
848891892,Mocen,2797,9382,422,2
999346,chipiepingping,15672,1802,458,1
849104368,rflupke,15672,1748,460,1
1013305,vicky2000,15545,77053,354,12
4777266,Eniotna,15672,17499,408,4
849103794,Shyarlie+Enora,,88505,348,11
849107234,mallauryhecq,15672,2392,451,1
849023877,Alf2010,7613,8855,424,2
1324486,neohector,,66910,361,7
848942967,peric113,2797,4861153,87,425
849106007,Pochita,15359,19212,404,4
848896550,papimouzo,6369,162663,324,18
215977,arnaudbernier,6369,60161,366,7
613830,joebix68,4629,14898089,1,1088
849008149,KiraOmbre,4629,606619,250,62
4388585,Finduilas79,11534,111870,337,19
2662534,Dezza,,2122,453,1
849107865,HiverKlhjjgkhfjfdkg25025,15378,989,486,1
1110287,ToKing,6369,150916,328,16
849044273,noyt,625,558956,254,56
849086014,Mercedes,15359,312438,290,33
1905875,lauteret,4963,7337156,50,615
849106135,Suerte80,,4494,437,2
849097642,Larmurier,15589,6953,429,2
177982,Asclepsios,4963,4553121,97,333
1357735,Mankao,15672,14600,414,4
849105979,Dedjo,15359,14957,413,3
849101386,V%C3%A9g%C3%A9ta89,15359,28557,391,4
849099332,Flonaldo,15672,4314,440,2
683056,fouding,15359,307944,291,35
933437,kids84,15672,1568,467,1
849048602,Sebio,6369,108714,338,14
2567659,rachon333,15359,42712,378,6
849082762,esisteban,15521,339687,287,31
849107994,VengeurSageGalor21411488,15672,1373,474,1
4420818,Focuuss,,470,507,1
1393972,IMITH,4629,2241863,153,209
2418674,ludoworld,,221,511,1
849104746,lkhlgkjgkgkjglh,15600,3858,443,2
1911590,Hawkmoon269,4629,4559622,95,333
849096512,titeuf,14655,23422,396,4
3753151,cemwamem,10229,122045,335,13
1204859,romainp16,6234,105499,341,13
848918202,Lea666,,246888,307,18
848921471,jlbb,,1015,485,1
4906644,walacel,15447,224168,312,20
849093785,almasse721,15652,1507,471,1
1785685,nicolas+D1,15678,40066,379,8
849090540,Chatouilleur,4629,642262,244,48
848892201,zxr750r,15247,87207,349,17
849093005,Dallas2.0,6369,139931,330,20
1457157,billloud,4629,542650,257,46
688467,victor+newman,2797,9111495,28,687
849105727,kalakrima,15672,2599,449,1
849052039,mako1,11887,1393,472,1
195585,philou62,4629,5270291,77,393
848906341,asteria56,6369,521084,260,43
788545,germaine136,2547,6939729,55,522
849104469,valfrosore,15672,4262,441,1
849032312,Jerem+le+conquerant,15309,1244299,198,107
849100560,BENzo,2797,442372,275,34
4443132,Dom030567,2568,68580,358,5
848308,squalerik,4629,327869,289,40
1970472,Drakkar33,2568,13731853,5,1002
1917871,03jules,15359,101865,343,14
1687474,KOUYATE,6369,88552,347,12
4914563,ingridia,15672,5487,434,1
3708223,Corentt%C3%AEn,10229,628049,246,55
849108171,RugissantYfyfttffyf46561,15378,1370,475,1
2937274,Fourtou,15130,3245483,127,296
849053695,TOTO181123,15359,397819,279,41
4072513,Prestro,9741,7413903,48,541
1790666,aladin630,4629,1023302,215,120
836859,Polubios,2547,9611594,23,701
618197,For+Poseidon,6369,48316,375,6
849095675,Lord+BabSa,15672,1644,462,1
848985403,Sakura1,15672,6591,431,2
849055223,dioufy,11887,17949,406,3
4462566,gros1919,15672,8927,423,1
2854603,American+XIII,4629,1052793,212,96
849089917,hardpunk,6369,274678,299,28
38740,NOREN,4963,5483398,73,404
1942137,Wohjing,4963,8147048,35,596
3935316,Lutti389,15672,152308,327,17
3533984,Thorgal25,15039,1224788,201,99
4365139,MisterBack,15624,888,488,1
1681513,matlili3,13511,2435030,147,194
1412613,kyanos,15039,3752029,114,321
1944560,Leglandeur92,4963,9461510,25,690
849103529,kevin3115,15672,106930,340,19
1144513,titi+999,4629,520604,261,43
848926174,Fla57320,11887,27432,392,2
4826087,jogger,469,45970,376,9
848940660,Afreu,4629,936854,220,112
370615,Sir+Guingamp,15559,847874,224,63
849100095,TonChat,,107531,339,10
1886309,Lapo%C3%A9l%C3%A9sos,15521,543341,256,46
1867727,coup-mouss,11534,5135536,84,375
4657385,BrEwArDe,625,5157322,81,475
849074365,Eejil,4629,682410,239,75
3531872,jordalyne,11534,378250,281,41
169058,arnaud49,15098,256910,303,23
1298422,Maureen881,469,102261,342,13
849081216,topilouf,15521,501194,265,42
849105609,Dark+Ga%C3%AFa,15672,14110,415,4
402207,rel87,3393,2482997,145,182
1343843,gabare,15585,2398660,149,181
849094304,Tchoopolis84,6369,4006,442,2
849042809,ymt16735,4629,1311246,193,96
849052902,justo64,15518,134347,333,17
849082391,F%C3%A9line75,15589,39686,381,6
3539110,Boozky,15039,3545041,121,311
835941,miloco,15672,4913,436,2
3996065,Ktek,15672,49345,373,5
948379,Metroid67,625,8348130,32,621
4328865,Emrys1597,11887,270235,301,27
4242043,fautvoir21,15265,622371,247,58
3884410,SanofiAventis,4963,6928656,56,605
1110109,hadessamafr,4629,4456013,100,329
4510872,Jule32,,55610,367,9
1931319,marseillais02300,4629,4362186,101,389
849086557,Ratatouille17,15573,417691,277,41
454117,Brochet38000,4629,5185221,79,462
849081933,Furyia,2797,251189,306,26
4070907,florianh89,10229,667420,242,57
1176796,bedoul,15670,10753,421,5
4906567,MissLazu,6369,3627720,120,311
849102483,Kenshicarus,4629,296968,296,26
1936143,STEP59,4963,7585877,41,589
3672868,Phild65,4629,1459694,184,111
4918537,HellRaiserT,15672,75621,356,11
4892836,shelby80320,,698143,235,63
471045,OM76,11427,3338410,124,247
2573526,Alfred78,4963,3763585,113,289
2277926,furibond,15359,275277,298,34
2344908,Mrmonsteur,15672,1689,461,1
2095648,Mitsumasa+Kido,4963,5139716,83,376
4081018,pataplouf33,15672,7710,427,3
2928748,reexana69,15130,2588925,139,234
1488647,willydu61,4963,11811947,14,862
228407,Dexir,4629,2528753,142,220
849070468,BETTYBOOP,15486,201789,316,32
849103807,Ishibhuku,15672,2021,455,1
2094801,tueur+5,4629,723013,231,57
4910143,Carthagenus,15666,1483041,182,121
483014,totor777,4629,4293091,103,365
1087174,alph%C3%A9e50,11427,6776958,57,500
4735017,Brakus,14828,79507,353,6
849054056,Britanian,4629,2090509,161,154
1518052,R.L19,4629,1337728,192,123
27574,pypo,4963,7941550,37,582
3204869,Bentow,4963,6692330,60,598
20587,alyriam,15359,33056,387,3
4866910,zeusb007,6369,244738,308,30
722826,miles438,4629,5371172,75,394
419305,belleamour,12645,4657180,92,348
129433,pollux38,4629,12869618,9,942
1356374,kaisersos%C3%A9,2797,2406626,148,202
252582,Elyk,6369,299010,294,25
3225221,Gusgui27,15672,33483,386,6
163574,Parandus,469,10013735,20,754
4067667,benzoni2015,4963,1869033,171,218
252312,titeuf42,6369,5176013,80,378
1400875,Spip,2797,12700961,10,926
849038422,Aion,4629,2138298,159,166
1722479,Hugov+Ier,14962,2307943,152,180
2132044,Konstantou,4629,1817938,173,159
849062858,Charlemagne59,2797,2390586,150,176
1189933,PILOU95,4629,2018335,164,184
1786558,bois-colombes,4629,13044353,7,952
4645712,steve.0,15207,2588797,140,196
1986254,ugis,2797,1176301,203,124
848947799,loumos,11887,1165297,207,89
1709892,Kervador29,13938,9032654,29,659
238624,den71,5163,772285,226,65
848948620,doudoupremier,15486,173671,320,29
1843936,Ath%C3%A9na450,15644,55499,368,8
53068,politesse,469,7570282,42,553
848960763,john03140,4629,689996,236,65
849081089,kikidou,15521,539737,258,46
849105980,Elisabeth,15359,2704,448,1
1090555,Dargun,4629,1172251,205,94
849085454,nicoLeVoyageur,15521,373814,283,32
1059963,KFAB57,4629,5671060,69,421
849102664,H%C3%A9rodote,15680,16304,412,3
849046108,Hinuir,2797,1429139,186,115
849032425,porti,,297743,295,38
849072951,emy+sterre,15458,699405,234,60
849090507,Hydre4654,15188,150892,329,15
677642,boum164,625,6650140,61,493
1612962,xxhatchepsoutxx,4963,7542341,43,565
848953153,BRUNO44000,2568,112944,336,19
453332,napoleon17,15585,2979289,132,224
3534158,Kenzo139,15039,4070784,105,378
996607,bidouille94,4963,10656677,17,779
1773508,Icaredison,4963,7484540,44,551
2075244,donjon28,4963,1762577,177,202
1650239,MnouMomo,625,14263833,3,1051
3053728,Titofff,2797,14549450,2,1061
4524352,HELIOSPARTOS,4629,5231228,78,403
793147,gaulois99,11887,1380802,189,107
4098162,ZORBECLEGRAS,13938,7683412,39,567
681046,mongeneral,625,2156199,158,218
849055850,foufalo,11887,67935,359,7
849044365,Mr.Reese,15672,33946,384,3
1752698,ricox21,4629,4060183,106,355
3673902,aurore-rose,15400,770420,227,87
920053,CIRE72,,12201700,12,894
3875018,soupepekinois,15359,432570,276,40
2488129,lafteur,12541,9244113,26,688
1371874,LeGrizzly,4963,13685380,6,998
3566015,kikoo5937,15639,76547,355,11
2236124,titi67d,6369,1712781,178,176
931863,isabellacity,6369,730603,229,104
37071,rococo,15581,61700,365,8
80931,neuneu,6369,1064953,210,99
849100288,yfyfttffyfyfyojjiji,15624,16954,411,4
4849442,barcus64,2568,7713335,38,563
3349595,THIERRYY,14568,7048904,52,599
805555,koco57,2547,6692628,59,491
4536002,jefflomme,15188,5644249,70,415
276734,benanto81,4629,2509818,143,184
849105468,M+el+matador+m,15359,26597,394,7
2684235,kaloula,4963,7433329,46,544
849074312,Tupinor,10229,232494,310,19
1057486,nono+man,15130,3980853,108,291
2598201,minotaure08,4629,13852110,4,1037
756988,laraindiana,15052,687821,237,74
1001813,florent+u,15359,342900,286,25
849080334,Klargus,4629,477768,269,48
849080252,V20B10,6369,94171,345,13
263677,esmheralda,4629,9211512,27,684
848881547,Azelma,14892,1953632,167,195
690100,Edouard1965,15188,4345066,102,331
1264574,fifou17,13387,1170552,206,121
1059637,Lillusionniste,15130,3932945,110,296
1687361,ggdm1,2568,10172321,18,748
3365763,stephoss,4629,957807,219,117
4099390,vincent4611,4629,1092885,209,120
849095521,HKator,,240158,309,33
849073982,Arnakos,15465,277574,297,21
204546,fabien59940,4629,2879833,134,230
2304678,aazeva,4963,2065230,163,152
421488,Mythriomid%C3%A9e,14962,969909,217,77
849004361,nipoune,4629,722467,232,61
1919067,Eeth-Koth,2797,4562482,94,410
1218186,Niels+de+Hecke,14500,27432,393,2
308035,jejebabi,625,8011256,36,585
1349118,CHULAK,14643,3746558,115,309
100175,kehops65,4629,1241818,199,110
2355421,JeanXXIII,15359,29279,389,5
415017,gatouille,4629,4698906,90,349
1848963,bool2,625,8160249,34,597
1487209,marc71,6369,894908,221,96
1762376,dedel03,4963,11888773,13,873
849104356,Support,15676,49799,372,13
1865707,Mornat,15382,5547667,71,413
49998,Claymore,13860,7428437,47,560
4599724,Amphitrite1234,15513,1188754,202,99
4409002,gege824,4629,5772041,68,429
274075,dede59,4629,1174243,204,86
849070568,BEBEL64,4629,730453,230,87
1688629,Cap2matxo,4963,5326620,76,401
848995358,loup1,11887,303988,292,27
849089248,Niwak,15684,865870,223,67
615329,shaka783,4963,7458596,45,544
4835577,pourtales,6369,465651,270,80
4145102,Olimpia25556,6369,1862911,172,231
849057437,SPQR,15486,599995,251,59
1295601,Themodocle,10229,6504617,62,477
849076816,Johnny24,4629,683591,238,64
219118,Mac+DUFF,15309,175709,319,18
849101826,Triphasor,15359,28964,390,4
1165275,ntct,6369,4382,438,1
2244628,alcunni,10229,2170447,156,161
1888072,patatoch73,13938,12585101,11,921
570985,lemort39,4629,717147,233,63
3216810,elgnoy,2797,1395023,187,125
848958119,SOSOMALAUSTE69,15098,959168,218,106
849037647,NovaAmethyst,15359,675221,240,58
2393312,valentinF62,13938,2568428,141,220
1971247,Rand+le+calme,625,12997493,8,948
1996188,U-96,15359,1264603,197,162
4321787,Citymen,6369,1780408,176,184
848883684,Pyre,14892,1804842,175,133
1901857,olive1967,4629,1286196,195,106
849102465,ditexolop,15665,161770,325,17
1074959,Karpaty,4629,3973015,109,300
1597646,Goulati,4629,1489216,181,112
53637,kikiver,4629,3661341,118,286
2247524,totola2,4963,1387134,188,113
923982,gibus03,4629,6405658,63,475
1303533,gbsd,4963,2785781,136,209
849083819,Perseus+Ier,2568,618786,248,53
932346,petitbandit,15130,2378679,151,181
849071162,tipakusaugustus,2568,576716,253,52
3123223,le+poulbot,15359,3655298,119,354
4625531,Starwars76,15323,1526983,180,122
2446140,Le-cand,15359,54333,369,5
4311089,LEXXUS+GA,14828,79669,351,6
2635446,nonovitto,15098,630936,245,46
4827798,anzz08,4220,462058,272,36
1725762,basketteur222,,54192,370,4
11369,fonfon65,14655,4672466,91,350
633613,Phil83,6234,507492,263,37
849082285,Biditchoun,15541,134873,332,18
1208925,Yggr,13938,8820041,31,888
98182,likiki,15567,511488,262,43
35324,H%C3%A9ruur,4963,891146,222,66
4907536,natilou,10229,2494323,144,237
849081780,piol,2568,154679,326,13
351606,lefossile,4629,970749,216,78
648290,Cyparis,6369,23402,397,3
917480,COBRA97,4963,3919115,111,373
1414366,Sanmark,11190,270359,300,57
760457,Macxa,14644,3273340,126,268
4892162,Layla29,4629,1285502,196,124
755346,axel666,4963,9566119,24,720
849094296,Rafalou,11887,253607,305,36
4518813,fontaine14,13530,586807,252,47
849027477,tonybelga,15576,169042,321,22
3582890,-k100dre-,12645,356846,285,35
2210326,lorieataquante,2568,3193034,128,236
140759,TheDonz,469,2867405,135,277
2585558,02INGRID03,469,1809816,174,168
4471734,yyrkoon41,4220,2165653,157,222
4888320,Gladiadus,4629,2216475,154,177
849104701,KroKKiKrok,15521,33830,385,6
4924595,manudouguet,15098,1458106,185,163
26267,titou38,4629,4101102,104,336
2102283,zidane1998,6369,1028431,214,76
4740559,merithaton,2568,65823,362,10
849082462,siouxsoune,15521,506479,264,46
2874414,Perraudeau,10229,2080720,162,177
1062653,papaluc,625,6015649,65,522
1922799,Val+Can,15659,447915,274,43
849001395,LordBananas,2568,165800,323,20
1298963,LePiou,4963,6378266,64,485
3999499,Lirce,9741,5141530,82,377
109430,Cinthus,15188,4381,439,1
1317333,djney,4629,1635911,179,135
1213626,galix14,4963,1909633,170,156
4881217,Moringa,469,3426529,122,257
1901715,doville+76,4963,8184101,33,679
848911564,REALITE,14828,79611,352,6
727881,manu.39,4963,5869456,67,431
2838139,raiy,15477,616859,249,57
4211777,Herm%C3%A8s+Ail%C3%A9,4963,4760127,89,360
1921919,campa,15188,2094504,160,171
848958218,hdfxd,6369,1309225,194,140
849079748,Balteus,4629,547213,255,55
849079985,dakaz76,4629,1235914,200,92
1068877,Vansdethi2,4629,486750,267,45
2281111,dede67140,4629,1362090,190,105
1933171,lgd72,13530,9885958,22,722
215238,Minot-taure,4963,2009001,165,161
1013556,joel53,7360,5458164,74,403
3536438,Fuzitsu,15188,2927398,133,216
448810,ANDREABL,4629,3682449,117,326
698008,etho91,13938,4490361,99,329
848893587,danylou,13938,2727800,138,240
849073804,Alastor.,4629,819739,225,78
848997568,Lusiris,4629,1940168,168,143
673697,smoon,4629,1916300,169,177
4055546,El-Tiburon,11534,4557883,96,337
3109300,Isohypse,469,361802,284,49
322489,BARONBOB,4629,2462242,146,317
849081564,Julien2485,469,219933,313,23
849055848,chienrage,11887,67455,360,7
3532752,Ezeldriin,4220,2776848,137,272
4336058,stamod,12897,3273989,125,242
1196984,TantanMeignier,4629,7122876,51,520
463299,jessyblanca,4963,254414,304,27
1464164,brynner,4629,3174509,129,281
1788347,rnycbb,9666,3395316,123,250
2905500,PW67,13738,301603,293,37
2267056,nenette74,9741,489120,266,69
1320507,Boomerang33,13109,17331,410,2
672849,TORRADO,4629,2192022,155,215
405626,aucha,2568,1034884,213,86
4789409,Lek76,14615,4028344,107,304
1333767,dylme,4629,665270,243,81
1360246,Musslin,625,3914122,112,304
52749,SilverMattof,4629,1464763,183,111
1061020,michevel,4629,8983898,30,655
2428871,target-53,4629,1108554,208,97
606842,franck56700,4629,5532708,72,425
1440215,kk5757,2568,7680619,40,565
911835,eivlys62,9741,3127547,131,288
2827222,spartacus2ab,13511,4824531,88,362
4668157,saucin+luc,13530,3163427,130,280
359242,jo120592,4220,1054015,211,85
3288880,Christosilides,,5913453,66,442
3103606,dumer,625,6750471,58,514
1891588,civodul214,2797,9989697,21,735
4061524,heimst,4629,7353800,49,551
4241711,Mistigris92,4629,11076927,16,810
