848936177,marsiud,11887,458637,263,76
1886309,Lapo%C3%A9l%C3%A9sos,15521,436012,270,38
849052465,Baraka76,15588,85707,344,9
849103794,Shyarlie+Enora,15667,2932,445,1
849098926,Justine,6369,30316,388,7
849103149,jacknapadi,11887,1970,451,1
4169431,boccarossa06,2547,426776,274,42
849054970,Scribe,6369,11346,415,3
849096983,Strobopop,,221,515,1
849082285,Biditchoun,15541,111832,334,13
849016837,Nainkapable,15359,3947,436,2
20711,ttthorgal,15668,6002,426,1
849100286,Couscous+tagine,,3811,439,1
849054056,Britanian,4629,1828646,175,135
849096451,Rimka,,1269,471,1
1393972,IMITH,4629,2200011,155,207
4883879,toctoc,,1070,479,1
849100560,BENzo,2797,43338,377,5
701674,ben21330,,175,520,1
1677160,Mass%C3%A9na,15359,230749,309,23
849095646,Hake,,4473,430,1
848921471,jlbb,,953,489,1
4247039,jijitobaba,14939,228,512,1
849070442,solei,4220,14534,409,2
1470129,Saint+Achille+Akhilleus,10229,77836,351,8
849101797,Gedeon29,15624,2747,446,1
848985825,miltiade68,15672,42159,379,8
849020486,COCO61,,650,494,1
3525673,nene194,15672,1033,482,1
849100742,Ghost11,15667,1614,458,1
849103726,Nyrvana,15672,1156,477,1
849103346,Freezeee,,562,502,1
848946367,benuche35,15274,233743,307,29
1542840,henrick69,15650,3515,443,1
4895054,pastisricard,10229,394939,279,33
849087650,Colr0,6369,82480,346,11
849103126,luciole0886,15624,1039,481,1
849094979,Jaemsdu82370,6369,33362,386,3
4832826,Rateiox,,252,509,1
3270652,gwendoo62,15672,1244,472,1
849097062,MJseven,625,513,507,1
3430193,phdu,,556,503,1
849102483,Kenshicarus,15359,98283,340,10
849095328,ScandaleuxKbhvjbvvh34909,6369,26451,395,8
849081800,Luxurius,15600,3619,441,1
849096898,alex36130,6369,1780,454,1
849094881,Bulldog,6369,5361,427,2
1349118,CHULAK,14643,3606482,119,298
849100749,Darksnows2507,6369,3857,438,2
849082486,Imer19,6369,392442,281,36
849103663,jocelyn49350,,221,514,1
4416740,JAILOO,6369,7184,424,2
1971247,Rand+le+calme,625,12761547,7,931
4082924,diego3,15672,983,487,1
4001515,Naxamos,,583,497,1
4812071,oppac,15465,238394,306,22
849054895,kiezer,6369,67061,365,7
849103655,Rayquaza,15672,577,499,1
849066240,JMCapelle,,532,505,1
849084523,Scred42,,1163,476,1
3443166,NWAWS,15660,27421,394,6
849104275,Maleniiaa,15675,1715,455,1
849102526,DeL-Ba,15359,8353,423,2
744308,xxx26,15667,1416,465,1
849104179,Guildebruck,6369,1372,469,1
849054182,Blakyllex,,4357,432,2
1059637,Lillusionniste,15130,3657823,117,277
849057586,maximus91120,15600,1489,462,1
849102670,kouglotte,,197,519,1
848974615,Wano+Kuni,2547,77242,352,8
849084709,Samsam,15589,25765,396,5
849104278,ItsSeokjin,,221,513,1
77121,helevi,,1107,478,1
849062858,Charlemagne59,2797,2104968,159,155
849033011,lutsu,15654,3882,437,2
849103435,Sans,15667,3540,442,1
849100743,Manaim,15655,12644,411,3
849103481,Izukum,,1996,450,1
849085582,derbantin,15521,228948,310,22
849003182,Clade10,6369,122384,330,13
2564622,drattoc,7613,331425,288,28
1320435,Hiram+Abif,13109,250,510,1
393186,backersfield,,594,496,1
4914563,ingridia,,5274,429,1
848925236,CYRNEA,,241,511,1
848938194,marcob1,15525,82296,347,6
849102465,ditexolop,15665,14989,406,7
849096752,Upoli,,800,493,1
4820234,caeron,,824,491,1
849103937,PLAYER+77,,441,508,1
849096570,rico011,14655,12121,414,1
4462566,gros1919,,3768,440,1
849079470,mans31,6369,110355,335,10
849103668,Anthony+2026,15672,4446,431,2
849101693,Solivagant,,17530,402,3
849094802,Espadon+Fougueux,15624,31176,387,3
849096521,zenit031,14655,12162,413,1
849102785,PotitElfe,15359,1378,468,1
849100862,Lempicka-4,2568,3431,444,1
849102187,centurion02,11887,1229,474,1
1842266,Touifi,15548,336235,287,34
1466840,Vojvod,,819,492,1
849103774,Kilga,15672,1706,456,1
2192819,jujubenaids123,6369,39509,382,5
849061643,-hpfer-,15576,62032,370,5
37071,rococo,15581,22899,399,4
849103912,Eyla,,993,485,1
849057623,canard29870,,580,498,1
2350588,star-hunter,,565,501,1
849100069,Rayanbrh,,2609,448,1
4866910,zeusb007,6369,108952,336,15
2491269,segrin,7613,1323,470,1
849102474,Moguera,,645,495,1
1110287,ToKing,6369,71515,357,11
2449294,TexMex,6369,1267162,197,102
849052861,IlI-PrideStalker-IlI,,1485,463,1
228407,Dexir,4629,2479226,143,216
3530436,NATHANAELOHA7,,3979,435,2
849045316,Nevilli,15624,120320,332,14
370615,Sir+Guingamp,15559,640016,242,49
849095387,anavalrie,15638,30280,389,5
4774798,gg59hesiode,,220,516,1
683056,fouding,4629,301843,290,34
3996065,Ktek,15672,33876,385,4
1078024,le-tite,15649,10468,416,2
2075244,donjon28,4963,1669364,183,189
849044273,noyt,625,565415,253,56
849079995,urka,11887,22161,400,4
849102664,H%C3%A9rodote,15674,1701,457,1
849093005,Dallas2.0,6369,41403,380,10
2567659,rachon333,15359,42712,378,6
849085513,watsolmes,15521,148620,323,19
849064493,steav,625,67564,363,18
849052930,eric+9865,7613,6365,425,2
849082762,esisteban,15521,257897,299,25
849097642,Larmurier,15589,4246,434,2
4388585,Finduilas79,11534,103561,337,17
849104130,Bruno14100,15672,1017,483,1
849090628,DAUGYMON,15672,66198,366,11
849001395,LordBananas,2568,139848,325,15
4311892,nic0b01,6369,101967,338,12
1013305,vicky2000,15545,62526,369,12
7360,roniveque,15672,534,504,1
849103529,kevin3115,15672,15483,405,5
1488647,willydu61,4963,11752005,13,861
849101386,V%C3%A9g%C3%A9ta89,15359,14715,407,4
727881,manu.39,4963,5688888,70,418
849103799,Nath,,571,500,1
849048602,Sebio,6369,72481,356,9
849102495,kouglot,,197,518,1
1717618,snackiller,6369,579598,251,47
849086014,Mercedes,6369,190957,316,22
849057566,Kuruha59,15378,251848,302,30
215977,arnaudbernier,6369,46574,374,6
849095220,Arrow,625,190062,317,19
848896550,papimouzo,6369,74215,354,12
1324486,neohector,,49485,373,5
849104279,ItsSeokjinn,15675,1606,459,1
3745681,Kotani,15664,46529,375,8
849008149,KiraOmbre,4629,604687,245,62
849023877,Alf2010,7613,8561,421,2
4906644,walacel,15447,222856,311,20
848891892,Mocen,2797,8804,419,2
2277926,furibond,15359,246271,305,30
613830,joebix68,4629,14633637,1,1073
722826,miles438,4629,5319076,78,392
38740,NOREN,4963,5479046,73,404
3708223,Corentt%C3%AEn,10229,565278,254,51
2854603,American+XIII,4629,1037754,216,92
849081564,Julien2485,469,131055,327,15
849093785,almasse721,15652,1494,461,1
1687474,KOUYATE,6369,67896,361,10
849089917,hardpunk,6369,220915,313,23
1457157,billloud,4629,528300,257,44
849055223,dioufy,11887,16889,404,3
1790666,aladin630,4629,922430,222,110
618197,For+Poseidon,,877,490,1
849096512,titeuf,14655,12185,412,1
4328865,Emrys1597,11887,232603,308,21
263677,esmheralda,4629,9005260,27,667
849042186,Chibrax76-,15672,1004,484,1
788545,germaine136,2547,6802793,58,514
1944560,Leglandeur92,4963,9305204,25,680
421488,Mythriomid%C3%A9e,14962,848897,228,69
849090540,Chatouilleur,4629,452450,264,36
848953976,Ath%C3%A9na%C3%AFs2307,6369,1855079,174,146
849103039,ljmdjfmdiofdm,15624,1866,453,1
1204859,romainp16,6234,72650,355,11
848308,squalerik,4629,268210,297,35
3753151,cemwamem,10229,93858,341,11
848906341,asteria56,6369,444381,268,36
849103807,Ishibhuku,15672,1392,467,1
1917871,03jules,15359,85444,345,13
4443132,Dom030567,2568,68580,360,5
3109300,Isohypse,469,256913,300,36
1773508,Icaredison,4963,7318929,50,539
849032312,Jerem+le+conquerant,15309,1172082,203,99
4211777,Herm%C3%A8s+Ail%C3%A9,4963,4669257,90,352
2838139,raiy,15477,506114,260,46
4072513,Prestro,9741,7419741,45,541
932346,petitbandit,15130,2176730,156,166
849101826,Triphasor,15359,8802,420,2
1785685,nicolas+D1,15678,1192,475,1
109430,Cinthus,15677,7415213,46,543
848918202,Lea666,,246888,304,18
848892201,zxr750r,15247,75605,353,17
849053695,TOTO181123,15359,352451,286,37
1110109,hadessamafr,4629,4185063,105,312
4758977,sblobby,11887,144105,324,19
1343843,gabare,15585,2295443,152,173
570985,lemort39,4629,669327,232,58
848926174,Fla57320,11887,27432,392,2
1412613,kyanos,15039,3546862,120,304
1687361,ggdm1,2568,9964737,18,734
849082391,F%C3%A9line75,15589,28649,390,5
849094304,Tchoopolis84,15624,1956,452,1
1371874,LeGrizzly,4963,13446361,6,981
849081602,TatieMag,,1405,466,1
1786558,bois-colombes,4629,12759369,8,933
169058,arnaud49,15098,148879,322,19
4510872,Jule32,,14366,410,3
4242043,fautvoir21,15265,600623,246,56
1144513,titi+999,4629,394208,280,34
849103216,selenacatrix,,1235,473,1
848940660,Afreu,4629,899989,223,107
1762376,dedel03,4963,11750389,14,866
1356374,kaisersos%C3%A9,2797,2261575,153,188
849081216,topilouf,15521,418135,277,34
4645712,steve.0,15207,2391766,148,179
948379,Metroid67,625,8190473,33,605
848942967,peric113,2797,4654664,91,408
2937274,Fourtou,15130,3000611,134,276
285144,max77350,15673,1049,480,1
849052902,justo64,15518,122373,331,13
3533984,Thorgal25,15039,1221283,201,99
4098162,ZORBECLEGRAS,13938,7662575,40,567
849098850,noob00,,986,486,1
3123223,le+poulbot,4629,3534558,121,341
4365139,MisterBack,15624,521,506,1
849086557,Ratatouille17,15573,352946,285,34
3531872,jordalyne,11534,329854,289,38
1317333,djney,4629,1543882,185,126
1298422,Maureen881,469,90755,343,13
781488,jugui,4629,11059916,15,820
1681513,matlili3,13511,2372665,151,194
1931319,marseillais02300,4629,4362627,103,389
1087174,alph%C3%A9e50,11427,6590052,60,486
4826087,jogger,469,45706,376,9
1948293,jyulandoli,4963,564891,255,61
849042809,ymt16735,4629,1200103,202,89
849100095,TonChat,,70457,358,8
4657385,BrEwArDe,625,5790909,68,458
920494,Brutus69,15609,51671,372,7
3053728,Titofff,2797,14170297,2,1034
849062516,Derrug,,219,517,1
1235052,symmaque3,6369,2718,447,1
2095648,Mitsumasa+Kido,4963,5139716,80,376
1867727,coup-mouss,11534,4992149,86,365
3204869,Bentow,4963,6566471,62,568
20587,alyriam,15359,25448,397,3
1176796,bedoul,15670,2464,449,1
4409002,gege824,4629,5587233,72,414
177982,Asclepsios,4963,4535459,93,331
4910143,Carthagenus,15666,1361517,191,115
4071369,Steven-009,4629,666526,235,50
4892836,shelby80320,,651917,238,59
849079985,dakaz76,4629,994889,219,76
2598201,minotaure08,4629,13651893,4,1015
4849442,barcus64,2568,7494963,42,547
2928748,reexana69,15130,2397274,147,220
849102964,Snoopnoob,6369,1442,464,1
4735017,Brakus,14828,79507,350,6
1208925,Yggr,13938,8674612,31,871
189623,dobigny.n,10229,6897394,55,541
849070468,BETTYBOOP,15486,118355,333,28
848881547,Azelma,14892,1894316,171,187
4524352,HELIOSPARTOS,4629,5000994,85,390
920053,CIRE72,,11884361,12,868
849081933,Furyia,2797,158574,321,20
4906567,MissLazu,6369,3522567,122,308
849046108,Hinuir,2797,1279333,196,103
4070907,florianh89,10229,552241,256,48
186193,MICHELBRU,4629,6806970,57,503
335335,taxi72009,469,4813802,88,422
1518052,R.L19,4629,1302776,194,117
483014,totor777,4629,4257790,104,362
3222309,bissaquine,15593,251719,303,27
1650239,MnouMomo,625,13998218,3,1031
2094801,tueur+5,4629,662282,237,54
1911590,Hawkmoon269,4629,4526280,96,330
849081089,kikidou,15521,427235,273,39
849038422,Aion,4629,1940386,166,152
1400875,Spip,2797,12623610,9,921
677642,boum164,625,6497629,63,481
681046,mongeneral,625,2103457,160,218
849090507,Hydre4654,15188,127556,328,14
848948620,doudoupremier,15486,98625,339,25
849085454,nicoLeVoyageur,15521,279717,294,25
688467,victor+newman,2797,8881855,30,673
195585,philou62,4629,5117864,81,380
238624,den71,5163,754288,229,63
252582,Elyk,6369,285592,292,25
996607,bidouille94,4963,10319907,17,756
402207,rel87,3393,2463506,144,180
848947799,loumos,11887,1132178,210,86
849104356,Support,15676,1566,460,1
2132044,Konstantou,4629,1644769,184,145
1986254,ugis,2797,1147357,206,121
454117,Brochet38000,4629,5091382,84,454
1843936,Ath%C3%A9na450,15644,21603,401,5
3534158,Kenzo139,15039,3866595,112,361
849072951,emy+sterre,15458,606433,243,53
1090555,Dargun,4629,1138358,208,90
849041145,Rancune,13511,968,488,1
849097895,ugufydfydfyff,15642,10055,417,4
1612962,xxhatchepsoutxx,4963,7321696,49,549
1722479,Hugov+Ier,14962,2211958,154,170
849032425,porti,,270989,295,37
848960763,john03140,4629,605131,244,59
848953153,BRUNO44000,2568,90902,342,18
805555,koco57,2547,6634472,59,490
380152,crazyfilou,625,4863229,87,382
2488129,lafteur,12541,9119768,26,674
1919067,Eeth-Koth,2797,4376744,102,393
849080177,Alvilda,,405888,278,31
849044365,Mr.Reese,,5348,428,1
3673902,aurore-rose,15400,669185,233,86
453332,napoleon17,15585,2738570,138,207
3566015,kikoo5937,15639,39881,381,7
1059963,KFAB57,4629,5455999,74,407
419305,belleamour,12645,4533310,94,335
2236124,titi67d,6369,1705146,181,174
3875018,soupepekinois,4629,432161,272,40
931863,isabellacity,6369,641636,240,95
849055850,foufalo,11887,67637,362,7
793147,gaulois99,11887,1291192,195,103
1905875,lauteret,4963,7197897,51,599
4067667,benzoni2015,4963,1780789,177,206
3539110,Boozky,15039,3352298,126,293
849090637,latan3,6369,124476,329,20
53068,politesse,469,7346061,48,542
252312,titeuf42,6369,5113242,82,374
817684,ito31,9741,1726612,179,153
849080252,V20B10,6369,69751,359,11
1942137,Wohjing,4963,7973777,36,585
1001813,florent+u,4629,301752,291,22
849074312,Tupinor,10229,184329,318,19
3349595,THIERRYY,14568,6925680,54,588
849095521,HKator,,162978,319,23
308035,jejebabi,625,7687480,39,561
849100288,yfyfttffyfyfyojjiji,15624,8410,422,4
276734,benanto81,4629,2389292,149,178
3366852,rolando1,11534,4497107,97,333
3365763,stephoss,4629,894964,224,111
2210326,lorieataquante,2568,3182387,131,236
756988,laraindiana,15052,666665,234,73
1264574,fifou17,13387,1167391,204,121
2420960,Heracleus,2568,1888984,172,141
1970472,Drakkar33,2568,13466158,5,983
828539,lenicodu65,625,435207,271,45
849080334,Klargus,4629,367963,283,41
27574,pypo,4963,7711956,37,569
4099390,vincent4611,4629,1056898,213,114
2684235,kaloula,4963,7363862,47,540
80931,neuneu,6369,868226,227,89
2013273,Malraux,2547,3641470,118,266
849102309,AresCool,15665,24071,398,10
849004361,nipoune,4629,642423,239,53
849083819,Perseus+Ier,2568,512442,258,44
415017,gatouille,4629,4533153,95,338
2355421,JeanXXIII,15359,27765,391,5
204546,fabien59940,4629,2877694,136,230
1218186,Niels+de+Hecke,14500,27432,393,2
100175,kehops65,4629,1156427,205,103
849073982,Arnakos,15465,221447,312,19
836859,Polubios,2547,9522499,23,695
1541120,archerPVP94,15669,3441802,124,270
2304678,aazeva,4963,2065230,163,152
140759,TheDonz,469,2574520,142,249
1848963,bool2,625,8028438,35,587
1487209,marc71,6369,889496,225,96
1057486,nono+man,15130,3697363,114,271
274075,dede59,4629,1132326,209,86
849076816,Johnny24,4629,665635,236,61
1295601,Themodocle,10229,6376146,64,469
615329,shaka783,4963,7458596,43,544
849057437,SPQR,15486,451897,265,51
849089248,Niwak,15596,580347,250,50
1865707,Mornat,15382,5382766,75,403
49998,Claymore,13860,7426360,44,560
848995358,loup1,11887,269079,296,24
4599724,Amphitrite1234,15513,1048373,215,88
849070568,BEBEL64,4629,640583,241,73
251538,PAT24,6369,66075,368,11
4835577,pourtales,6369,439148,269,74
1888072,patatoch73,13938,12339271,11,903
4145102,Olimpia25556,6369,1821611,176,222
1688629,Cap2matxo,4963,5308092,79,387
219118,Mac+DUFF,15309,159442,320,16
2393312,valentinF62,13938,2435988,145,209
2244628,alcunni,10229,2102205,161,156
3672868,Phild65,4629,1367297,190,105
849037647,NovaAmethyst,4629,672897,231,58
604154,lalouve66,4963,4428834,100,324
3216810,elgnoy,2797,1391968,186,125
848958119,SOSOMALAUSTE69,15098,953757,221,105
1165275,ntct,6369,4250,433,1
53637,kikiver,4629,3661341,116,286
923982,gibus03,4629,6144887,66,459
1074959,Karpaty,4629,3902838,108,296
2247524,totola2,4963,1376009,188,110
848883684,Pyre,14892,1745819,178,132
4321787,Citymen,6369,1692396,182,177
1996188,U-96,15359,1264678,198,161
849071162,tipakusaugustus,2568,425035,275,50
1901857,olive1967,4629,1142876,207,96
1303533,gbsd,4963,2721208,139,206
1597646,Goulati,4629,1383874,187,107
4311089,LEXXUS+GA,14828,79669,348,6
2446140,Le-cand,15359,34207,384,4
4625531,Starwars76,15323,1368048,189,110
2635446,nonovitto,15098,598578,247,46
1752698,ricox21,4629,3944605,107,342
4827798,anzz08,4220,451560,266,35
1725762,basketteur222,,54192,371,4
4536002,jefflomme,15188,5364336,77,395
1189933,PILOU95,4629,1872642,173,172
849081780,piol,2568,38179,383,7
11369,fonfon65,14655,4570470,92,342
633613,Phil83,6234,507492,259,37
98182,likiki,15567,423696,276,36
35324,H%C3%A9ruur,4963,877824,226,64
351606,lefossile,4629,960220,220,77
4907536,natilou,10229,2402195,146,225
1414366,Sanmark,11190,261696,298,56
1933171,lgd72,13530,9668328,22,708
2132903,S%C3%A9raphil,2797,8449531,32,625
4892162,Layla29,4629,1238692,199,119
163574,Parandus,469,9867655,19,745
648290,Cyparis,6369,14661,408,2
760457,Macxa,14644,3191470,130,258
917480,COBRA97,4963,3815207,113,368
690100,Edouard1965,15188,4102389,106,312
3582890,-k100dre-,12645,356825,284,35
2573526,Alfred78,4963,3674374,115,276
4518813,fontaine14,13530,585233,249,47
4867116,quentinopolis,2568,67070,364,6
4471734,yyrkoon41,4220,2123216,158,217
849074365,Eejil,4629,571132,252,61
2585558,02INGRID03,469,1712061,180,163
849027477,tonybelga,15576,135070,326,18
471045,OM76,11427,3266692,127,241
849094296,Rafalou,11887,208471,314,28
4740559,merithaton,2568,9327,418,5
4888320,Gladiadus,4629,2073939,162,166
849082462,siouxsoune,15521,392233,282,38
4924595,manudouguet,15098,1356704,192,153
2874414,Perraudeau,10229,2055782,164,176
1062653,papaluc,625,5893125,67,511
2102283,zidane1998,6369,1004582,218,76
1936143,STEP59,4963,7687558,38,580
1298963,LePiou,4963,6260789,65,485
26267,titou38,4629,3895626,109,319
3999499,Lirce,9741,5110348,83,374
1922799,Val+Can,15659,199984,315,19
1213626,galix14,4963,1898958,169,155
4881217,Moringa,469,3199545,129,244
1901715,doville+76,4963,8078163,34,671
1709892,Kervador29,13938,8944058,29,653
848911564,REALITE,14828,79611,349,6
1921919,campa,15188,2010562,165,164
849079748,Balteus,4629,462173,262,45
848958218,hdfxd,6369,1236986,200,133
1068877,Vansdethi2,625,450093,267,42
2281111,dede67140,625,1354176,193,105
448810,ANDREABL,4629,3515654,123,314
215238,Minot-taure,4963,1929080,167,151
1013556,joel53,7360,5381292,76,396
3536438,Fuzitsu,15188,2847540,137,211
698008,etho91,13938,4469391,99,327
848893587,danylou,13938,2720770,140,237
1888010,legion95,13530,9833185,21,720
849073804,Alastor.,4629,729175,230,63
848997568,Lusiris,4629,1894578,170,143
673697,smoon,4629,1916300,168,177
4055546,El-Tiburon,11534,4478889,98,332
322489,BARONBOB,625,2386913,150,308
849055848,chienrage,11887,66098,367,7
3532752,Ezeldriin,4220,2716425,141,267
129433,pollux38,4629,12580558,10,926
755346,axel666,4963,9411347,24,709
3884410,SanofiAventis,4963,6816102,56,592
4336058,stamod,12897,3264440,128,240
1196984,TantanMeignier,4629,6986176,53,510
463299,jessyblanca,4963,254271,301,27
1464164,brynner,4629,3079997,132,273
1788347,rnycbb,9666,3363815,125,247
2905500,PW67,13738,281222,293,34
2267056,nenette74,9741,479159,261,64
1320507,Boomerang33,13109,17331,403,2
672849,TORRADO,4629,2164133,157,212
405626,aucha,2568,1031542,217,86
4789409,Lek76,14615,3868495,111,291
1333767,dylme,4629,591415,248,75
1360246,Musslin,625,3878959,110,302
3423916,Astroneve,13530,4425340,101,324
1061020,michevel,625,8971655,28,655
52749,SilverMattof,4629,1079362,211,79
2428871,target-53,4629,1071147,212,97
606842,franck56700,4629,5595533,71,425
1440215,kk5757,2568,7558421,41,552
911835,eivlys62,9741,2913638,135,272
359242,jo120592,4220,1050199,214,84
2827222,spartacus2ab,13511,4679058,89,351
4668157,saucin+luc,13530,3008060,133,267
1891588,civodul214,12045,9839977,20,724
4241711,Mistigris92,15359,10906407,16,797
3103606,dumer,625,6579993,61,505
4061524,heimst,4629,7163191,52,537
3288880,Christosilides,,5733267,69,428