849106098,Ath%C3%A9nouille,,528,503,1
849106953,MVS89,11887,982,490,1
849081800,Luxurius,15600,4302,444,1
688467,victor+newman,2797,8986810,29,681
849104496,Marvinus,,0,517,0
4883879,toctoc,,1070,486,1
4169431,boccarossa06,2547,451779,271,45
848963127,SILVER6299,15672,2021,460,1
1425420,gina55,15679,2483,450,1
849106308,guest-0ab94a8caeb44c2f9c,,0,515,0
849101797,Gedeon29,15624,13803,418,3
2564622,drattoc,7613,356390,284,31
849095646,Hake,,4899,437,1
849098926,Justine,6369,50717,376,7
849106451,guest-a25a5538c1644acaaa,,0,516,0
186193,MICHELBRU,4629,6923889,54,513
849073280,MAP54,6369,2015,461,1
849006914,walou532,,1200,484,1
849104179,Guildebruck,6369,5710,432,2
849084709,Samsam,15589,33246,390,5
849003182,Clade10,6369,159997,325,16
849016837,Nainkapable,15359,3947,446,2
849094979,Jaemsdu82370,6369,37917,385,4
849103149,jacknapadi,11887,10040,424,2
4895054,pastisricard,10229,450522,273,40
849100800,NV123,,175,513,1
4416740,JAILOO,15359,16494,413,4
849096983,Strobopop,,221,506,1
4897404,Fa%C3%AFdel,,0,514,0
1357735,Mankao,15672,1523,474,1
849054970,Scribe,6369,13510,419,3
848946367,benuche35,15274,251937,308,31
849070442,solei,4220,17009,412,3
849093968,Moops,,0,518,0
848921471,jlbb,,993,489,1
849052465,Baraka76,15588,90326,346,9
848936177,marsiud,11887,459100,269,76
849085582,derbantin,15521,309514,290,28
848945314,pavpav,,219,507,1
849080538,Minifreee23,15672,1743,466,1
849101693,Solivagant,,108118,337,10
849105457,Domantoine,15600,1714,467,1
849106414,Omar,,197,509,1
849106007,Pochita,15359,2310,455,1
3525673,nene194,15672,1033,487,1
849089235,Prince+Clem,15672,2417,452,1
3443166,NWAWS,15660,88167,349,13
849104203,cosette,15672,6533,429,2
1470129,Saint+Achille+Akhilleus,10229,81618,356,8
4247039,jijitobaba,14939,228,505,1
849020486,COCO61,,1227,481,1
849097062,MJseven,625,544,498,1
849106265,ZerKhoS,,197,510,1
849106919,guest-56abc5e4500b448db0,,175,512,1
1762376,dedel03,4963,11844946,13,873
849100749,Darksnows2507,6369,4668,440,2
849033011,lutsu,15654,4867,438,2
849100743,Manaim,15655,21438,402,5
848938194,marcob1,15525,82296,353,6
849096570,rico011,14655,20791,405,4
849057623,canard29870,,1543,472,1
3053728,Titofff,2797,14448200,2,1054
37071,rococo,15581,50239,377,6
849103481,Izukum,,2653,449,1
849082486,Imer19,6369,437659,275,45
4536002,jefflomme,15188,5578348,71,410
119662,thyn,15672,1874,463,1
4820234,caeron,,876,492,1
722826,miles438,4629,5367358,75,394
53068,politesse,469,7492590,42,549
77121,helevi,,1262,480,1
849103668,Anthony+2026,15672,14860,416,3
849096521,zenit031,14655,20879,404,4
1888010,legion95,13530,10084227,19,738
1320435,Hiram+Abif,13109,564,496,1
849100862,Lempicka-4,2568,10744,422,2
848974615,Wano+Kuni,2547,84647,351,8
849103435,Sans,,6283,431,1
849094802,Espadon+Fougueux,15624,35477,389,3
1542840,henrick69,15359,26969,399,5
849102187,centurion02,11887,2453,451,1
3430193,phdu,,542,499,1
849106617,Troupsi,15672,576,495,1
849093988,Pri0xx,625,4051,445,2
849082607,Utaelu,15682,5258,434,3
1059637,Lillusionniste,15130,3856671,112,291
4838599,celiad,,175,511,1
849054182,Blakyllex,,4319,443,2
849105388,SanFin,10229,1829,464,1
4657385,BrEwArDe,625,5095843,83,468
848985825,miltiade68,15672,93512,344,10
849079470,mans31,6369,141206,329,11
849054895,kiezer,6369,81932,354,9
849067263,babouche,,535,500,1
1371874,LeGrizzly,4963,13588385,5,991
848883365,Aegidius97,,197,508,1
849102526,DeL-Ba,15359,16089,414,3
848953851,ParaKaNoob,,941,491,1
849004488,Adriana,15672,18493,409,5
2573526,Alfred78,4963,3710659,114,283
849039453,frederic94,,1201,483,1
577906,Robdumo,,532,501,1
849061643,-hpfer-,15576,62032,369,5
848953976,Ath%C3%A9na%C3%AFs2307,6369,1914545,170,150
1059963,KFAB57,4629,5589904,70,414
1842266,Touifi,15548,388154,280,41
849104275,Maleniiaa,15675,5169,436,2
849057566,Kuruha59,15378,254244,307,30
849064493,steav,625,67762,367,18
849023877,Alf2010,7613,8596,427,2
849097642,Larmurier,15589,6470,430,2
999346,chipiepingping,15672,1023,488,1
849082762,esisteban,15521,317205,289,29
849052930,eric+9865,7613,9371,425,2
1650239,MnouMomo,625,14149827,3,1042
849100560,BENzo,2797,288272,298,23
849103794,Shyarlie+Enora,15667,47767,378,7
849105979,Dedjo,15359,3678,447,2
4777266,Eniotna,15672,4542,441,2
849048602,Sebio,6369,89834,347,9
849102483,Kenshicarus,15359,207772,317,20
4311892,nic0b01,6369,181549,321,22
1110287,ToKing,6369,127262,331,15
849095220,Arrow,625,236399,310,23
849085513,watsolmes,15521,195817,319,22
848896550,papimouzo,6369,114691,335,15
849044273,noyt,625,567410,253,56
932346,petitbandit,15130,2353447,150,179
215977,arnaudbernier,6369,56844,372,7
1393972,IMITH,4629,2220229,154,209
849011256,Enzose28,,1675,469,1
2662534,Dezza,,1323,479,1
3534158,Kenzo139,15039,3987043,106,371
849104368,rflupke,15672,1599,470,1
849102664,H%C3%A9rodote,15680,10546,423,3
1416438,zeushercules,14643,1780,465,1
683056,fouding,4629,307061,291,35
4388585,Finduilas79,11534,106044,338,17
849079995,urka,11887,38153,384,4
1078024,le-tite,15649,11238,420,2
1349118,CHULAK,14643,3697672,115,306
1324486,neohector,,59360,370,6
1013305,vicky2000,15545,74042,362,12
781488,jugui,4629,11252892,15,831
3745681,Kotani,15664,69183,364,8
849099332,Flonaldo,15672,1208,482,1
849101386,V%C3%A9g%C3%A9ta89,15359,27297,398,4
1687361,ggdm1,2568,10085636,18,742
2567659,rachon333,15359,42712,381,6
849086014,Mercedes,6369,297866,293,32
849008149,KiraOmbre,4629,604687,249,62
948379,Metroid67,625,8294468,32,614
2449294,TexMex,6369,1327107,192,111
1717618,snackiller,6369,690916,234,54
849105011,Thity,15672,698,494,1
849106135,Suerte80,15672,452,504,1
848891892,Mocen,2797,8956,426,2
1790666,aladin630,4629,993961,216,116
849101826,Triphasor,15359,18578,408,2
4443132,Dom030567,2568,68580,365,5
849104469,valfrosore,15672,1972,462,1
849053695,TOTO181123,15359,387619,281,40
2854603,American+XIII,4629,1041174,213,92
4866910,zeusb007,6369,194236,320,25
849089917,hardpunk,6369,267091,303,28
1785685,nicolas+D1,15678,18876,407,5
3753151,cemwamem,10229,109426,336,11
1911590,Hawkmoon269,4629,4526280,94,330
849104746,lkhlgkjgkgkjglh,15600,2370,453,1
402207,rel87,3393,2463506,145,180
1356374,kaisersos%C3%A9,2797,2263934,152,188
2937274,Fourtou,15130,3209811,128,292
849095675,Lord+BabSa,15672,1443,476,1
849032312,Jerem+le+conquerant,15309,1217835,200,104
4812071,oppac,15465,284342,299,24
618197,For+Poseidon,6369,36875,386,5
849093785,almasse721,15652,1507,475,1
848918202,Lea666,,246888,309,18
370615,Sir+Guingamp,15559,750467,228,57
4820953,xdrz,15672,1370,478,1
4906644,walacel,15447,223377,312,20
3708223,Corentt%C3%AEn,10229,611811,247,54
4328865,Emrys1597,11887,267164,302,27
3109300,Isohypse,469,342640,285,44
849105727,kalakrima,15672,2271,457,1
1457157,billloud,4629,556621,255,46
849090540,Chatouilleur,4629,529157,257,40
848892201,zxr750r,15247,80565,358,17
848985403,Sakura1,15672,2130,458,1
4462566,gros1919,15672,5234,435,1
4072513,Prestro,9741,7413903,47,541
1204859,romainp16,6234,86421,350,12
2838139,raiy,15477,590142,250,52
4914563,ingridia,15672,5487,433,1
1343843,gabare,15585,2358011,149,177
1917871,03jules,15359,101382,341,14
788545,germaine136,2547,6905739,55,522
38740,NOREN,4963,5483398,73,404
604154,lalouve66,4963,4512890,97,332
848906341,asteria56,6369,487280,262,40
129433,pollux38,4629,12720340,9,936
848308,squalerik,4629,296369,296,37
849096512,titeuf,14655,20787,406,4
849093005,Dallas2.0,6369,104471,339,15
849055223,dioufy,11887,17573,410,3
1687474,KOUYATE,6369,81001,357,11
1317333,djney,4629,1589479,181,126
169058,arnaud49,15098,211921,315,22
849102309,AresCool,15665,122409,334,19
1942137,Wohjing,4963,8087399,34,594
848926174,Fla57320,11887,27432,396,2
920053,CIRE72,,12076342,12,886
4510872,Jule32,,39299,383,6
4365139,MisterBack,15624,835,493,1
849105609,Dark+Ga%C3%AFa,15672,2355,454,1
189623,dobigny.n,10229,6940258,53,541
848940660,Afreu,4629,920008,221,109
835941,miloco,15672,1427,477,1
335335,taxi72009,469,4870330,86,427
1944560,Leglandeur92,4963,9325273,25,680
836859,Polubios,2547,9570210,23,698
849103529,kevin3115,15672,81645,355,15
4242043,fautvoir21,15265,609155,248,56
849042809,ymt16735,4629,1236153,197,91
3884410,SanofiAventis,4963,6851391,56,597
849094304,Tchoopolis84,6369,3517,448,2
4067667,benzoni2015,4963,1830531,173,213
849052902,justo64,15518,124363,333,13
1681513,matlili3,13511,2406613,148,194
1886309,Lapo%C3%A9l%C3%A9sos,15521,522302,258,44
849081216,topilouf,15521,481790,264,40
3935316,Lutti389,15672,30271,392,6
1931319,marseillais02300,4629,4362248,100,389
848942967,peric113,2797,4793613,87,419
4826087,jogger,469,45970,379,9
849086557,Ratatouille17,15573,394683,279,41
920494,Brutus69,15609,51671,374,7
4409002,gege824,4629,5661698,68,420
3533984,Thorgal25,15039,1222587,199,99
1298422,Maureen881,469,96917,343,13
3366852,rolando1,11534,4525707,95,333
1144513,titi+999,4629,482193,263,40
1867727,coup-mouss,11534,5001822,84,365
849100095,TonChat,,99086,342,10
849082391,F%C3%A9line75,15589,36849,387,5
1971247,Rand+le+calme,625,12879025,8,941
3531872,jordalyne,11534,365203,282,41
3996065,Ktek,15672,39872,382,4
1948293,jyulandoli,4963,622537,244,68
849081933,Furyia,2797,216691,314,24
2344908,Mrmonsteur,15672,1087,485,1
2277926,furibond,15359,260587,305,33
3204869,Bentow,4963,6632007,60,595
4910143,Carthagenus,15666,1389127,187,115
4918537,HellRaiserT,15672,27772,395,7
1488647,willydu61,4963,11774375,14,861
1176796,bedoul,15670,6926,428,3
1786558,bois-colombes,4629,12931041,7,944
263677,esmheralda,4629,9092963,27,678
2095648,Mitsumasa+Kido,4963,5139716,80,376
20587,alyriam,15359,33056,391,3
4081018,pataplouf33,15672,2282,456,1
849103807,Ishibhuku,15672,2021,459,1
849070468,BETTYBOOP,15486,168512,323,30
2598201,minotaure08,4629,13752417,4,1028
177982,Asclepsios,4963,4548398,93,332
1888072,patatoch73,13938,12492900,11,913
2094801,tueur+5,4629,703421,231,56
4892836,shelby80320,,690811,235,62
2013273,Malraux,2547,3726406,113,272
483014,totor777,4629,4287644,103,365
4849442,barcus64,2568,7589323,40,554
2488129,lafteur,12541,9207223,26,688
1518052,R.L19,4629,1318146,193,120
4906567,MissLazu,6369,3623927,118,311
419305,belleamour,12645,4605509,91,341
228407,Dexir,4629,2513217,142,216
471045,OM76,11427,3303109,125,247
1087174,alph%C3%A9e50,11427,6675665,57,494
4735017,Brakus,14828,79507,361,6
4070907,florianh89,10229,653596,241,57
195585,philou62,4629,5219811,77,387
849106261,Xylopi,15672,1544,471,1
849054056,Britanian,4629,1968091,165,147
848947799,loumos,11887,1153476,206,88
690100,Edouard1965,15188,4317321,102,328
677642,boum164,625,6592929,61,490
849105881,asjokeras,,553,497,1
380152,crazyfilou,625,4903728,85,384
1986254,ugis,2797,1183498,203,124
849097895,ugufydfydfyff,15642,11133,421,4
252312,titeuf42,6369,5165660,78,378
4645712,steve.0,15207,2522088,141,189
849072951,emy+sterre,15458,651386,242,57
1722479,Hugov+Ier,14962,2292335,151,180
849081089,kikidou,15521,511837,259,44
849038422,Aion,4629,2055530,163,160
849085454,nicoLeVoyageur,15521,339748,287,29
848960763,john03140,4629,618743,245,59
1110109,hadessamafr,4629,4340134,101,327
454117,Brochet38000,4629,5148888,79,460
252582,Elyk,6369,294716,297,25
849090507,Hydre4654,15188,144435,328,15
238624,den71,5163,765639,226,63
849062858,Charlemagne59,2797,2227642,153,166
1400875,Spip,2797,12700961,10,926
1843936,Ath%C3%A9na450,15644,43386,380,7
2132044,Konstantou,4629,1672235,180,148
3225221,Gusgui27,15672,14693,417,4
849032425,porti,,297743,294,38
848948620,doudoupremier,15486,144903,327,27
849046108,Hinuir,2797,1372477,189,111
849105980,Elisabeth,15359,1691,468,1
1090555,Dargun,4629,1151846,207,92
4098162,ZORBECLEGRAS,13938,7677538,38,567
849090637,latan3,,125529,332,20
1773508,Icaredison,4963,7415009,46,547
681046,mongeneral,625,2138651,159,218
2928748,reexana69,15130,2564487,140,232
793147,gaulois99,11887,1366557,190,105
848953153,BRUNO44000,2568,101702,340,18
1612962,xxhatchepsoutxx,4963,7454571,44,558
849080177,Alvilda,,405888,278,31
3566015,kikoo5937,15639,57972,371,9
163574,Parandus,469,9955435,20,751
805555,koco57,2547,6654503,59,490
3673902,aurore-rose,15400,758198,227,87
2075244,donjon28,4963,1735792,177,199
996607,bidouille94,4963,10503846,17,769
849055850,foufalo,11887,67817,366,7
1905875,lauteret,4963,7264657,49,608
27574,pypo,4963,7847241,37,577
931863,isabellacity,6369,700175,232,101
453332,napoleon17,15585,2931050,133,220
849044365,Mr.Reese,15672,29463,393,3
3222309,bissaquine,2797,327243,288,32
4524352,HELIOSPARTOS,4629,5131473,82,398
2236124,titi67d,6369,1708769,179,175
3875018,soupepekinois,4629,432290,277,40
3365763,stephoss,4629,903886,222,111
1412613,kyanos,15039,3676465,116,314
849095521,HKator,,217563,313,29
2684235,kaloula,4963,7383249,48,540
276734,benanto81,4629,2464426,144,182
849100288,yfyfttffyfyfyojjiji,15624,15672,415,4
817684,ito31,9741,1726575,178,153
1264574,fifou17,13387,1167872,204,121
3349595,THIERRYY,14568,7004264,52,595
3672868,Phild65,4629,1424834,185,111
1001813,florent+u,4629,301752,292,22
849105468,M+el+matador+m,15359,4793,439,2
80931,neuneu,6369,941197,219,91
849080252,V20B10,6369,82968,352,12
848881547,Azelma,14892,1931164,167,193
849074312,Tupinor,10229,210805,316,19
849105213,Dragonifas,,530,502,1
4099390,vincent4611,4629,1076595,211,116
828539,lenicodu65,625,443957,274,47
849080334,Klargus,4629,435452,276,41
756988,laraindiana,15052,679228,237,73
204546,fabien59940,4629,2879833,135,230
613830,joebix68,4629,14816793,1,1084
849073982,Arnakos,15465,264568,304,21
849004361,nipoune,4629,689701,236,59
2304678,aazeva,4963,2065230,162,152
1541120,archerPVP94,15669,3441802,122,270
1919067,Eeth-Koth,2797,4502271,98,404
2355421,JeanXXIII,15359,29279,394,5
1218186,Niels+de+Hecke,14500,27432,397,2
1487209,marc71,6369,893833,223,96
1752698,ricox21,4629,4010258,105,349
415017,gatouille,4629,4601728,92,344
308035,jejebabi,625,7947000,36,581
100175,kehops65,4629,1205107,201,107
1848963,bool2,625,8030975,35,587
848995358,loup1,11887,279219,300,25
1865707,Mornat,15382,5506481,72,409
4145102,Olimpia25556,6369,1848276,172,231
1295601,Themodocle,10229,6462021,62,475
274075,dede59,4629,1163234,205,86
849074365,Eejil,4629,626738,243,67
849104356,Support,15676,24169,400,7
1688629,Cap2matxo,4963,5308092,76,387
4835577,pourtales,6369,457504,270,78
49998,Claymore,13860,7430590,45,560
4599724,Amphitrite1234,15513,1129327,208,94
849089248,Niwak,15684,727064,229,61
849070568,BEBEL64,4629,694317,233,81
615329,shaka783,4963,7458596,43,544
849057437,SPQR,15486,538977,256,55
849076816,Johnny24,4629,675935,238,63
1165275,ntct,6369,4374,442,1
3216810,elgnoy,2797,1392145,186,125
2244628,alcunni,10229,2143412,158,158
2393312,valentinF62,13938,2500600,143,215
849037647,NovaAmethyst,4629,673739,239,58
219118,Mac+DUFF,15309,170605,322,18
570985,lemort39,4629,719636,230,63
848958119,SOSOMALAUSTE69,15098,956855,218,105
1597646,Goulati,4629,1449749,183,112
1996188,U-96,15359,1262644,196,161
849071162,tipakusaugustus,2568,564202,254,52
1074959,Karpaty,4629,3944913,108,299
1303533,gbsd,4963,2768944,137,209
848883684,Pyre,14892,1773130,174,132
849083819,Perseus+Ier,2568,574780,252,51
1901857,olive1967,4629,1200713,202,100
849102465,ditexolop,15665,88411,348,12
4321787,Citymen,6369,1742950,176,182
53637,kikiver,4629,3661341,117,286
923982,gibus03,4629,6252061,64,467
2247524,totola2,4963,1381638,188,113
4625531,Starwars76,15323,1454069,182,119
2635446,nonovitto,15098,616276,246,46
4827798,anzz08,4220,451560,272,35
1057486,nono+man,15130,3919603,109,288
2446140,Le-cand,15359,50831,375,5
421488,Mythriomid%C3%A9e,14962,929207,220,75
3123223,le+poulbot,4629,3618945,119,350
1725762,basketteur222,,54192,373,4
4311089,LEXXUS+GA,14828,79669,359,6
1189933,PILOU95,4629,1946546,166,179
98182,likiki,15567,469998,267,42
633613,Phil83,6234,507492,261,37
849082285,Biditchoun,15541,127861,330,18
35324,H%C3%A9ruur,4963,884444,224,66
1208925,Yggr,13938,8750199,31,881
849081780,piol,2568,90629,345,9
351606,lefossile,4629,965513,217,77
11369,fonfon65,14655,4625568,90,347
4907536,natilou,10229,2448171,146,232
1414366,Sanmark,11190,268953,301,57
648290,Cyparis,6369,20950,403,3
760457,Macxa,14644,3233543,127,258
917480,COBRA97,4963,3891228,111,372
4892162,Layla29,4629,1273738,195,123
4518813,fontaine14,13530,585800,251,47
849094296,Rafalou,11887,231248,311,32
755346,axel666,4963,9512597,24,716
4867116,quentinopolis,2568,71770,363,6
3582890,-k100dre-,12645,356846,283,35
849027477,tonybelga,15576,163996,324,21
4471734,yyrkoon41,4220,2147054,157,221
140759,TheDonz,469,2848347,136,274
2585558,02INGRID03,469,1772380,175,165
2210326,lorieataquante,2568,3189969,129,236
1062653,papaluc,625,5963079,65,517
26267,titou38,4629,4024904,104,330
2874414,Perraudeau,10229,2072493,160,177
2102283,zidane1998,6369,1023284,215,76
849082462,siouxsoune,15521,474905,266,43
849104701,KroKKiKrok,15521,22706,401,4
4888320,Gladiadus,4629,2164976,156,173
4740559,merithaton,2568,36456,388,8
4924595,manudouguet,15098,1430636,184,159
1936143,STEP59,4963,7554514,41,585
849001395,LordBananas,2568,148072,326,15
3999499,Lirce,9741,5135002,81,377
1922799,Val+Can,15659,341274,286,34
1298963,LePiou,4963,6334479,63,485
1970472,Drakkar33,2568,13565314,6,990
109430,Cinthus,15188,1541,473,1
3539110,Boozky,15039,3446103,121,301
4881217,Moringa,469,3337385,124,252
1213626,galix14,4963,1907130,171,156
848911564,REALITE,14828,79611,360,6
1901715,doville+76,4963,8145376,33,676
727881,manu.39,4963,5814409,67,427
1709892,Kervador29,13938,8991335,28,656
4211777,Herm%C3%A8s+Ail%C3%A9,4963,4733333,89,360
1921919,campa,15188,2067218,161,168
849079748,Balteus,4629,511677,260,51
849079985,dakaz76,4629,1122821,209,85
848958218,hdfxd,6369,1277890,194,136
1068877,Vansdethi2,625,465031,268,42
2281111,dede67140,625,1360214,191,105
1933171,lgd72,13530,9849308,22,720
448810,ANDREABL,4629,3599162,120,321
1013556,joel53,7360,5422595,74,400
3536438,Fuzitsu,15188,2890581,134,214
215238,Minot-taure,4963,1994152,164,161
698008,etho91,13938,4484011,99,328
848893587,danylou,13938,2719848,139,238
849073804,Alastor.,4629,789476,225,72
848997568,Lusiris,4629,1924158,168,143
673697,smoon,4629,1916300,169,177
4055546,El-Tiburon,11534,4525137,96,335
849081564,Julien2485,469,197029,318,21
322489,BARONBOB,625,2425649,147,313
849055848,chienrage,11887,66035,368,7
3532752,Ezeldriin,4220,2739550,138,269
4336058,stamod,12897,3264992,126,240
1196984,TantanMeignier,4629,7031494,51,514
463299,jessyblanca,4963,254271,306,27
1464164,brynner,4629,3135937,130,278
2905500,PW67,13738,297506,295,37
1788347,rnycbb,9666,3387696,123,249
2267056,nenette74,9741,478622,265,64
1320507,Boomerang33,13109,17331,411,2
672849,TORRADO,4629,2191663,155,215
405626,aucha,2568,1033469,214,86
4789409,Lek76,14615,3952752,107,298
1333767,dylme,4629,660180,240,81
1360246,Musslin,625,3905911,110,304
1061020,michevel,625,8977755,30,655
52749,SilverMattof,4629,1229694,198,91
2428871,target-53,4629,1091553,210,97
606842,franck56700,4629,5616402,69,425
911835,eivlys62,9741,3043432,132,281
1440215,kk5757,2568,7631301,39,557
2827222,spartacus2ab,13511,4763165,88,358
359242,jo120592,4220,1052546,212,85
4668157,saucin+luc,13530,3125595,131,276
3288880,Christosilides,,5839558,66,436
4241711,Mistigris92,15359,11033865,16,806
1891588,civodul214,2797,9948450,21,732
3103606,dumer,625,6657760,58,509
4061524,heimst,4629,7260033,50,545
