849106098,Ath%C3%A9nouille,,528,506,1
3220555,cuddly,,0,515,0
848963127,SILVER6299,15672,2485,455,1
849104496,Marvinus,,0,519,0
4883879,toctoc,,1070,489,1
849073280,MAP54,6369,2562,453,1
849107321,amich+walid,,175,514,1
848921471,jlbb,,993,491,1
4169431,boccarossa06,2547,453674,272,45
849106308,guest-0ab94a8caeb44c2f9c,,0,517,0
849106007,Pochita,15359,4656,442,2
848946367,benuche35,15274,254822,306,32
849105783,Ganorzek,2797,1007,490,1
849095646,Hake,,4899,439,1
849098926,Justine,6369,53377,373,7
849103149,jacknapadi,11887,11005,421,2
4500678,putolis,,573,497,1
849106451,guest-a25a5538c1644acaaa,,0,518,0
848936177,marsiud,11887,459100,271,76
4416740,JAILOO,15359,17548,410,4
1356374,kaisersos%C3%A9,2797,2328879,151,194
849006914,walou532,,1200,487,1
849081800,Luxurius,15600,5349,437,1
849084709,Samsam,15589,33246,390,5
849016837,Nainkapable,15359,3947,445,2
849085582,derbantin,15521,322454,291,29
849101797,Gedeon29,15624,15292,416,3
4895054,pastisricard,10229,460360,270,41
849107113,eclesias,15686,1529,475,1
1425420,gina55,15679,2797,449,1
849089235,Prince+Clem,15672,2750,450,1
849096983,Strobopop,,221,508,1
849104203,cosette,15672,6533,429,2
849070442,solei,4220,17009,412,3
849104179,Guildebruck,6369,6358,433,2
1687361,ggdm1,2568,10102988,18,743
4301687,totomoha,,557,500,1
848945314,pavpav,,219,509,1
849080538,Minifreee23,15672,1743,467,1
4897404,Fa%C3%AFdel,,0,516,0
849106953,MVS89,11887,1794,465,1
849105457,Domantoine,15600,1714,468,1
849003182,Clade10,6369,162165,325,16
849106414,Omar,,197,511,1
849107112,Oposaum,15686,1493,478,1
849101693,Solivagant,,117416,335,11
85748,ashtar,15685,1469,479,1
1470129,Saint+Achille+Akhilleus,10229,81618,355,8
849094979,Jaemsdu82370,6369,38027,386,4
4247039,jijitobaba,14939,228,507,1
849020486,COCO61,,1227,485,1
695382,mevela,,0,520,0
849054970,Scribe,6369,13510,417,3
3525673,nene194,,565,498,1
849106265,ZerKhoS,,197,512,1
849100749,Darksnows2507,6369,4711,441,2
849082486,Imer19,6369,449041,274,46
849082607,Utaelu,15682,6968,428,3
849057623,canard29870,,1543,474,1
849102187,centurion02,11887,2478,457,1
848883365,Aegidius97,15672,197,510,1
849096521,zenit031,14655,21732,404,4
3443166,NWAWS,15660,96650,345,14
849103481,Izukum,,2653,452,1
1888010,legion95,13530,10092306,19,738
849079470,mans31,6369,153657,326,12
849103435,Sans,,6492,431,1
849096570,rico011,14655,21607,406,4
4820234,caeron,,876,493,1
4849442,barcus64,2568,7632665,40,557
1371874,LeGrizzly,4963,13603255,5,992
849091142,AKAbyr3,,175,513,1
77121,helevi,,1262,484,1
849061643,-hpfer-,15576,62032,368,5
1542840,henrick69,15359,30231,393,5
119662,thyn,15672,1954,463,1
1320435,Hiram+Abif,13109,564,499,1
37071,rococo,15581,53321,374,6
848974615,Wano+Kuni,2547,84647,351,8
849054895,kiezer,6369,83319,353,9
849033011,lutsu,15654,5092,438,2
848985825,miltiade68,15672,98026,343,10
849107147,Jaoct,15686,579,496,1
722826,miles438,4629,5367987,75,394
3430193,phdu,,542,502,1
2013273,Malraux,2547,3727247,113,272
849102526,DeL-Ba,15359,16630,413,3
849103668,Anthony+2026,15672,15678,415,3
849100862,Lempicka-4,2568,10900,422,2
848938194,marcob1,15525,87281,349,11
849054182,Blakyllex,,4319,444,2
2564622,drattoc,7613,359596,284,31
4866910,zeusb007,6369,219548,317,27
849100743,Manaim,15655,23332,402,5
849067263,babouche,,535,503,1
848953976,Ath%C3%A9na%C3%AFs2307,6369,1922830,169,150
4657385,BrEwArDe,625,5109256,83,469
53068,politesse,469,7540738,42,553
848953851,ParaKaNoob,,941,492,1
577906,Robdumo,,532,504,1
849106617,Troupsi,15672,1510,476,1
1842266,Touifi,15548,391024,280,41
849039453,frederic94,,1201,486,1
849004488,Adriana,15672,23774,401,6
849094802,Espadon+Fougueux,15624,35909,388,3
849093988,Pri0xx,625,4846,440,2
419305,belleamour,12645,4612331,92,341
402207,rel87,3393,2463506,145,180
849105388,SanFin,10229,3095,447,2
849057566,Kuruha59,15378,254244,308,30
849064493,steav,625,67762,365,18
604154,lalouve66,4963,4523248,97,333
849097642,Larmurier,15589,6470,432,2
1786558,bois-colombes,4629,12951803,7,945
1078024,le-tite,15649,11424,418,2
189623,dobigny.n,10229,6949378,53,541
215977,arnaudbernier,6369,57738,370,7
849106135,Suerte80,15686,1290,483,1
849101386,V%C3%A9g%C3%A9ta89,15359,27297,398,4
3745681,Kotani,15664,70113,362,8
849048602,Sebio,6369,93187,347,10
1357735,Mankao,15672,1634,472,1
849103794,Shyarlie+Enora,,56161,371,8
849008149,KiraOmbre,4629,604687,249,62
849044273,noyt,625,567382,253,56
849100560,BENzo,2797,325164,290,26
1393972,IMITH,4629,2221254,154,209
1110287,ToKing,6369,139046,330,16
849095220,Arrow,625,253087,309,27
263677,esmheralda,4629,9112965,27,679
999346,chipiepingping,15672,1125,488,1
4311892,nic0b01,6369,196254,321,23
849079995,urka,11887,40616,383,4
849023877,Alf2010,7613,8617,425,2
849086014,Mercedes,6369,298920,295,32
1416438,zeushercules,14643,1780,466,1
683056,fouding,4629,307061,293,35
849102483,Kenshicarus,15359,221599,315,21
849099332,Flonaldo,15672,1806,464,1
4777266,Eniotna,15672,6494,430,3
1349118,CHULAK,14643,3697672,115,306
1013305,vicky2000,15545,74311,360,12
4388585,Finduilas79,11534,107334,338,17
848896550,papimouzo,6369,118469,334,15
186193,MICHELBRU,4629,6939118,54,514
1324486,neohector,,60922,369,6
129433,pollux38,4629,12749591,9,937
849104368,rflupke,15672,1679,470,1
1919067,Eeth-Koth,2797,4517433,98,405
690100,Edouard1965,15188,4320300,102,329
2567659,rachon333,15359,42712,379,6
2662534,Dezza,,1388,481,1
849082762,esisteban,15521,326284,289,30
849052930,eric+9865,7613,9603,423,2
849105979,Dedjo,15359,5846,434,2
1717618,snackiller,6369,705532,233,55
849105011,Thity,15672,698,495,1
848891892,Mocen,2797,8956,424,2
849085513,watsolmes,15521,202282,319,22
2449294,TexMex,6369,1327107,192,111
4328865,Emrys1597,11887,270235,302,27
848892201,zxr750r,15247,81296,356,17
848985403,Sakura1,15672,2440,458,1
932346,petitbandit,15130,2363815,150,180
849093005,Dallas2.0,6369,111225,336,16
1762376,dedel03,4963,11854390,13,873
4914563,ingridia,15672,5487,436,1
849104746,lkhlgkjgkgkjglh,15600,2479,456,1
849032312,Jerem+le+conquerant,15309,1222859,199,104
4462566,gros1919,15672,5677,435,1
3366852,rolando1,11534,4525707,96,333
1911590,Hawkmoon269,4629,4526280,95,330
2854603,American+XIII,4629,1041979,213,92
1687474,KOUYATE,6369,83009,354,11
618197,For+Poseidon,6369,39921,385,6
1457157,billloud,4629,558675,255,46
4906644,walacel,15447,223770,314,20
1917871,03jules,15359,101593,341,14
849105727,kalakrima,15672,2538,454,1
3053728,Titofff,2797,14464663,2,1055
2838139,raiy,15477,593812,250,52
849104469,valfrosore,15672,2317,459,1
848906341,asteria56,6369,492891,262,41
1343843,gabare,15585,2363950,149,178
4812071,oppac,15465,283517,300,24
3534158,Kenzo139,15039,3999708,106,372
3753151,cemwamem,10229,111148,337,11
849093785,almasse721,15652,1507,477,1
848918202,Lea666,,246888,310,18
849089917,hardpunk,6369,270517,301,28
848308,squalerik,4629,310445,292,38
849101826,Triphasor,15359,19750,407,2
848942967,peric113,2797,4803746,87,420
849096512,titeuf,14655,21726,405,4
849053695,TOTO181123,15359,390148,281,40
1785685,nicolas+D1,15678,23991,400,6
4820953,xdrz,15672,1433,480,1
4072513,Prestro,9741,7413903,47,541
849055223,dioufy,11887,17709,409,3
3708223,Corentt%C3%AEn,10229,619192,247,55
849090540,Chatouilleur,4629,545463,257,41
1057486,nono+man,15130,3944250,109,290
38740,NOREN,4963,5483398,73,404
920053,CIRE72,,12101337,12,888
849095675,Lord+BabSa,15672,1564,473,1
4443132,Dom030567,2568,68580,363,5
2598201,minotaure08,4629,13771205,4,1030
1790666,aladin630,4629,995661,216,116
1204859,romainp16,6234,89104,348,12
1867727,coup-mouss,11534,5106603,84,374
849081216,topilouf,15521,488661,264,41
1948293,jyulandoli,4963,627742,245,69
3996065,Ktek,15672,40595,384,4
4067667,benzoni2015,4963,1838090,173,214
1110109,hadessamafr,4629,4372292,100,328
688467,victor+newman,2797,9017945,28,682
849102309,AresCool,15665,136806,331,20
1931319,marseillais02300,4629,4362427,101,389
1944560,Leglandeur92,4963,9337719,25,681
948379,Metroid67,625,8308567,32,616
849052902,justo64,15518,127079,332,15
849086557,Ratatouille17,15573,399155,279,41
169058,arnaud49,15098,219806,316,22
1298422,Maureen881,469,97255,344,13
4365139,MisterBack,15624,824,494,1
3884410,SanofiAventis,4963,6862381,56,598
1942137,Wohjing,4963,8095638,35,594
4826087,jogger,469,45970,378,9
2937274,Fourtou,15130,3216643,128,293
1144513,titi+999,4629,491437,263,40
835941,miloco,15672,1685,469,1
4242043,fautvoir21,15265,610596,248,56
848940660,Afreu,4629,927463,221,110
1059963,KFAB57,4629,5604819,70,415
370615,Sir+Guingamp,15559,765706,227,58
4510872,Jule32,,41252,381,6
849103529,kevin3115,15672,84109,352,15
848926174,Fla57320,11887,27432,396,2
849094304,Tchoopolis84,6369,3698,446,2
920494,Brutus69,15609,51671,376,7
3533984,Thorgal25,15039,1222587,200,99
849100095,TonChat,,101579,342,10
335335,taxi72009,469,4872138,86,427
1886309,Lapo%C3%A9l%C3%A9sos,15521,529027,258,44
1681513,matlili3,13511,2409042,148,194
3935316,Lutti389,15672,41166,382,7
849082391,F%C3%A9line75,15589,36849,387,5
836859,Polubios,2547,9571029,23,698
3531872,jordalyne,11534,370088,282,41
849105609,Dark+Ga%C3%AFa,15672,2932,448,1
849042809,ymt16735,4629,1275554,197,94
177982,Asclepsios,4963,4548893,93,332
4906567,MissLazu,6369,3627720,118,311
849070468,BETTYBOOP,15486,178380,322,30
3672868,Phild65,4629,1432713,185,111
1888072,patatoch73,13938,12541979,11,916
1176796,bedoul,15670,7306,427,3
4081018,pataplouf33,15672,2740,451,1
228407,Dexir,4629,2514748,143,216
2344908,Mrmonsteur,15672,1296,482,1
1488647,willydu61,4963,11786244,14,861
788545,germaine136,2547,6917924,55,522
2573526,Alfred78,4963,3717019,114,284
4892836,shelby80320,,692234,236,62
20587,alyriam,15359,33056,391,3
1518052,R.L19,4629,1318618,193,120
471045,OM76,11427,3310514,125,247
4409002,gege824,4629,5674908,68,422
849103807,Ishibhuku,15672,2021,462,1
2095648,Mitsumasa+Kido,4963,5139716,81,376
2277926,furibond,15359,261987,305,33
849081933,Furyia,2797,223883,313,24
2094801,tueur+5,4629,705968,232,56
4910143,Carthagenus,15666,1423201,186,118
4735017,Brakus,14828,79507,359,6
4070907,florianh89,10229,663317,241,57
4918537,HellRaiserT,15672,35079,389,8
195585,philou62,4629,5232028,77,388
483014,totor777,4629,4288850,103,365
3204869,Bentow,4963,6653927,60,598
1936143,STEP59,4963,7562356,41,586
849106261,Xylopi,15672,1646,471,1
849105980,Elisabeth,15359,2234,460,1
849102664,H%C3%A9rodote,15680,11332,419,3
849081089,kikidou,15521,523126,259,44
677642,boum164,625,6602213,61,490
849105881,asjokeras,,553,501,1
380152,crazyfilou,625,4958458,85,388
849085454,nicoLeVoyageur,15521,359172,285,30
454117,Brochet38000,4629,5152391,79,460
1971247,Rand+le+calme,625,12898197,8,942
1709892,Kervador29,13938,9005538,29,657
3225221,Gusgui27,15672,19107,408,5
849062858,Charlemagne59,2797,2262254,153,168
849097895,ugufydfydfyff,15642,11133,420,4
4645712,steve.0,15207,2534533,141,190
1090555,Dargun,4629,1155123,207,92
849090507,Hydre4654,15188,144775,329,15
848948620,doudoupremier,15486,153597,327,27
2132044,Konstantou,4629,1674100,180,148
252312,titeuf42,6369,5168481,78,378
1986254,ugis,2797,1183583,203,124
848947799,loumos,11887,1155462,206,88
252582,Elyk,6369,295626,298,25
848960763,john03140,4629,641251,243,61
849072951,emy+sterre,15458,661376,242,58
1400875,Spip,2797,12700961,10,926
849032425,porti,,297743,297,38
849046108,Hinuir,2797,1383232,188,111
849038422,Aion,4629,2071203,162,161
1843936,Ath%C3%A9na450,15644,46159,377,7
849054056,Britanian,4629,1983070,165,148
238624,den71,5163,767314,226,63
1722479,Hugov+Ier,14962,2296109,152,180
3222309,bissaquine,2797,336550,288,33
4098162,ZORBECLEGRAS,13938,7679140,38,567
1317333,djney,4629,1588205,181,126
27574,pypo,4963,7859020,37,577
848953153,BRUNO44000,2568,102129,340,18
793147,gaulois99,11887,1371187,190,105
4536002,jefflomme,15188,5591960,71,411
2075244,donjon28,4963,1739841,177,200
1905875,lauteret,4963,7275155,50,611
3673902,aurore-rose,15400,764202,228,87
849044365,Mr.Reese,15672,31158,392,3
849080177,Alvilda,,405888,278,31
1612962,xxhatchepsoutxx,4963,7473071,43,559
3566015,kikoo5937,15639,63202,367,10
453332,napoleon17,15585,2942838,133,221
849055850,foufalo,11887,67817,364,7
681046,mongeneral,625,2142853,159,218
1773508,Icaredison,4963,7429237,46,549
2928748,reexana69,15130,2574223,140,233
996607,bidouille94,4963,10564546,17,773
163574,Parandus,469,9975667,20,752
931863,isabellacity,6369,706372,231,101
4524352,HELIOSPARTOS,4629,5150134,80,399
3875018,soupepekinois,15359,432290,277,40
805555,koco57,2547,6669426,59,491
2236124,titi67d,6369,1708769,179,175
2488129,lafteur,12541,9224216,26,688
80931,neuneu,6369,988254,217,95
849100288,yfyfttffyfyfyojjiji,15624,16620,414,4
849080252,V20B10,6369,84688,350,12
1264574,fifou17,13387,1167872,204,121
817684,ito31,9741,1726575,178,153
2684235,kaloula,4963,7398210,48,541
3365763,stephoss,4629,903886,222,111
849105468,M+el+matador+m,15359,8441,426,3
1650239,MnouMomo,625,14172156,3,1044
849095521,HKator,,224793,312,30
849074312,Tupinor,10229,214369,318,19
1087174,alph%C3%A9e50,11427,6700061,57,496
848881547,Azelma,14892,1931164,167,193
3349595,THIERRYY,14568,7013607,52,596
4099390,vincent4611,4629,1078184,211,116
849105213,Dragonifas,,530,505,1
849080334,Klargus,4629,445953,275,46
1412613,kyanos,15039,3688494,116,315
828539,lenicodu65,625,443957,276,47
1001813,florent+u,15359,301752,294,22
276734,benanto81,4629,2492913,144,184
756988,laraindiana,15052,682477,237,74
1848963,bool2,625,8115091,34,594
100175,kehops65,4629,1213466,202,108
849004361,nipoune,4629,693703,235,59
613830,joebix68,4629,14832152,1,1085
1752698,ricox21,4629,4017754,105,350
1541120,archerPVP94,15669,3441802,122,270
204546,fabien59940,4629,2879833,135,230
849073982,Arnakos,15465,267979,304,21
308035,jejebabi,625,7983391,36,584
2304678,aazeva,4963,2065230,163,152
1218186,Niels+de+Hecke,14500,27432,397,2
2355421,JeanXXIII,15359,29279,394,5
1487209,marc71,6369,894579,223,96
1059637,Lillusionniste,15130,3880258,112,293
415017,gatouille,4629,4623060,91,345
615329,shaka783,4963,7458596,44,544
849074365,Eejil,4629,636699,244,67
849104356,Support,15676,28898,395,7
1865707,Mornat,15382,5514330,72,410
849089248,Niwak,15684,741026,229,61
1688629,Cap2matxo,4963,5308092,76,387
849070568,BEBEL64,4629,697948,234,82
4599724,Amphitrite1234,15513,1140767,209,95
848995358,loup1,11887,289345,299,26
849057437,SPQR,15486,556598,256,56
274075,dede59,4629,1165881,205,86
1295601,Themodocle,10229,6467829,62,475
4835577,pourtales,6369,460380,269,79
849076816,Johnny24,4629,677129,238,63
4145102,Olimpia25556,6369,1849842,172,231
49998,Claymore,13860,7431069,45,560
570985,lemort39,4629,719877,230,63
219118,Mac+DUFF,15309,171458,323,18
1165275,ntct,6369,4363,443,1
3216810,elgnoy,2797,1392728,187,125
2244628,alcunni,10229,2149345,158,159
849037647,NovaAmethyst,15359,673809,239,58
2393312,valentinF62,13938,2528660,142,217
848958119,SOSOMALAUSTE69,15098,956855,219,105
1074959,Karpaty,4629,3950215,108,299
1996188,U-96,15359,1262973,198,161
1303533,gbsd,4963,2771274,137,209
923982,gibus03,4629,6290330,64,469
1597646,Goulati,4629,1456394,183,112
4321787,Citymen,6369,1747785,176,183
849102465,ditexolop,15665,104756,339,15
53637,kikiver,4629,3661341,117,286
848883684,Pyre,14892,1777592,175,132
2247524,totola2,4963,1382629,189,113
849071162,tipakusaugustus,2568,564640,254,52
849083819,Perseus+Ier,2568,581768,252,51
1901857,olive1967,4629,1214800,201,101
4625531,Starwars76,15323,1466995,182,119
1189933,PILOU95,4629,1963042,166,180
2446140,Le-cand,15359,52121,375,5
2635446,nonovitto,15098,619412,246,46
4827798,anzz08,4220,451560,273,35
1725762,basketteur222,,54192,372,4
3123223,le+poulbot,4629,3627018,119,351
421488,Mythriomid%C3%A9e,14962,939940,220,76
4311089,LEXXUS+GA,14828,79669,357,6
98182,likiki,15567,479793,266,43
1208925,Yggr,13938,8765646,31,882
35324,H%C3%A9ruur,4963,886134,224,66
633613,Phil83,6234,507492,261,37
849082285,Biditchoun,15541,125437,333,18
351606,lefossile,4629,968640,218,78
11369,fonfon65,14655,4644993,90,348
849081780,piol,2568,93596,346,9
4907536,natilou,10229,2453635,146,232
1414366,Sanmark,11190,268953,303,57
648290,Cyparis,6369,21739,403,3
760457,Macxa,14644,3239747,127,258
781488,jugui,4629,11273399,15,832
4892162,Layla29,4629,1276004,196,123
917480,COBRA97,4963,3901469,111,372
849027477,tonybelga,15576,164527,324,21
2210326,lorieataquante,2568,3190333,129,236
4518813,fontaine14,13530,585800,251,47
3582890,-k100dre-,12645,356846,286,35
4867116,quentinopolis,2568,71770,361,6
140759,TheDonz,469,2848347,136,274
849094296,Rafalou,11887,235913,311,34
4471734,yyrkoon41,4220,2149951,157,221
755346,axel666,4963,9528238,24,717
2585558,02INGRID03,469,1789660,174,167
4888320,Gladiadus,4629,2176605,156,174
4740559,merithaton,2568,41743,380,8
4924595,manudouguet,15098,1440709,184,160
26267,titou38,4629,4039120,104,331
1062653,papaluc,625,5972923,65,518
2102283,zidane1998,6369,1026207,215,76
849082462,siouxsoune,15521,486246,265,44
849104701,KroKKiKrok,15521,24888,399,4
2874414,Perraudeau,10229,2074950,161,177
849001395,LordBananas,2568,153086,328,19
1922799,Val+Can,15659,361246,283,36
1298963,LePiou,4963,6348429,63,485
3999499,Lirce,9741,5136319,82,377
3539110,Boozky,15039,3460970,121,303
109430,Cinthus,15188,2126,461,1
1213626,galix14,4963,1907660,171,156
4881217,Moringa,469,3388364,124,255
727881,manu.39,4963,5814984,67,427
1901715,doville+76,4963,8156216,33,677
848911564,REALITE,14828,79611,358,6
4211777,Herm%C3%A8s+Ail%C3%A9,4963,4739214,89,360
849079748,Balteus,4629,516689,260,51
1921919,campa,15188,2083049,160,169
848958218,hdfxd,6369,1284456,195,138
849079985,dakaz76,4629,1143716,208,86
1068877,Vansdethi2,625,465262,268,42
2281111,dede67140,625,1360726,191,105
1933171,lgd72,13530,9853391,22,720
215238,Minot-taure,4963,1995240,164,161
3536438,Fuzitsu,15188,2903127,134,215
448810,ANDREABL,4629,3615274,120,322
1013556,joel53,7360,5430631,74,401
848893587,danylou,13938,2720374,139,238
698008,etho91,13938,4485649,99,328
848997568,Lusiris,4629,1927788,168,143
849073804,Alastor.,4629,795002,225,72
673697,smoon,4629,1916300,170,177
4055546,El-Tiburon,11534,4529171,94,335
3109300,Isohypse,469,345799,287,44
322489,BARONBOB,625,2432369,147,314
849081564,Julien2485,469,201273,320,21
849055848,chienrage,11887,66142,366,7
3532752,Ezeldriin,4220,2743019,138,269
1970472,Drakkar33,2568,13582340,6,991
4336058,stamod,12897,3266721,126,241
1196984,TantanMeignier,4629,7072675,51,517
463299,jessyblanca,4963,254271,307,27
1464164,brynner,4629,3134324,130,278
2905500,PW67,13738,298173,296,37
1788347,rnycbb,9666,3388548,123,249
2267056,nenette74,9741,478622,267,64
1320507,Boomerang33,13109,17331,411,2
672849,TORRADO,4629,2191663,155,215
405626,aucha,2568,1033924,214,86
4789409,Lek76,14615,3967244,107,299
1333767,dylme,4629,663725,240,81
1360246,Musslin,625,3907035,110,304
1061020,michevel,625,8978918,30,655
52749,SilverMattof,4629,1291477,194,96
2428871,target-53,4629,1091553,210,97
1440215,kk5757,2568,7654344,39,559
606842,franck56700,4629,5623431,69,425
911835,eivlys62,9741,3068402,132,284
2827222,spartacus2ab,13511,4775508,88,359
359242,jo120592,4220,1052760,212,85
4668157,saucin+luc,13530,3134032,131,277
3288880,Christosilides,,5854030,66,437
4061524,heimst,4629,7280888,49,546
3103606,dumer,625,6681626,58,510
4241711,Mistigris92,4629,11064216,16,808
1891588,civodul214,2797,9959406,21,733
