848985825,miltiade68,15672,67497,368,9
849084709,Samsam,15589,27218,399,5
3525673,nene194,15672,1033,479,1
849082486,Imer19,6369,398208,280,36
1371874,LeGrizzly,4963,13489249,6,985
849103126,luciole0886,15624,1361,470,1
1470129,Saint+Achille+Akhilleus,10229,80003,351,8
1886309,Lapo%C3%A9l%C3%A9sos,15521,470211,264,40
849054970,Scribe,6369,12405,412,3
849016837,Nainkapable,15359,3947,441,2
849100560,BENzo,2797,112282,338,12
849096983,Strobopop,,221,506,1
849004488,Adriana,15672,3961,440,2
849094979,Jaemsdu82370,6369,35007,389,3
4895054,pastisricard,10229,402176,279,35
3222309,bissaquine,15593,283991,297,28
849103794,Shyarlie+Enora,15667,27537,395,4
848946367,benuche35,15274,242838,310,30
4082924,diego3,15672,1005,481,1
4416740,JAILOO,6369,10743,417,3
849087650,Colr0,6369,83060,349,11
722826,miles438,4629,5355512,77,394
849100742,Ghost11,,1614,461,1
4169431,boccarossa06,2547,433712,274,42
1425420,gina55,15679,1638,459,1
849098926,Justine,6369,37566,388,7
119662,thyn,15672,884,487,1
849103149,jacknapadi,11887,4564,431,1
848936177,marsiud,11887,459009,268,76
849101693,Solivagant,,56681,374,6
849006914,walou532,,998,483,1
4883879,toctoc,,1070,477,1
4832826,Rateiox,,252,499,1
3270652,gwendoo62,15672,1244,474,1
3430193,phdu,,556,494,1
849097062,MJseven,625,513,498,1
849081800,Luxurius,15600,3658,445,1
1677160,Mass%C3%A9na,,233978,311,23
849096451,Rimka,,1269,472,1
4247039,jijitobaba,14939,228,501,1
849104192,Kenpachi449,15672,781,491,1
849101797,Gedeon29,15624,7451,423,2
849100749,Darksnows2507,6369,4161,438,2
849070442,solei,4220,16595,409,3
849096898,alex36130,6369,2164,453,1
849104896,saphotest4,2568,175,509,1
1393972,IMITH,4629,2208941,155,208
849052465,Baraka76,15588,90157,343,9
741505,1asterix13,,175,508,1
849095646,Hake,,5066,429,1
849104046,Milton,6369,1374,468,1
4001515,Naxamos,,583,492,1
849103435,Sans,,4768,430,1
849057586,maximus91120,15600,1539,463,1
849100862,Lempicka-4,2568,3892,443,1
849103655,Rayquaza,15672,577,493,1
849102187,centurion02,11887,1626,460,1
849095675,Lord+BabSa,,865,488,1
849104179,Guildebruck,6369,2609,448,1
848985403,Sakura1,15672,1415,466,1
849104746,lkhlgkjgkgkjglh,15600,1707,457,1
4462566,gros1919,,3900,442,1
849054182,Blakyllex,,4319,435,2
849102526,DeL-Ba,15359,10643,418,2
849061643,-hpfer-,15576,62032,373,5
2564622,drattoc,7613,341983,287,29
849093988,Pri0xx,625,1333,471,1
849039453,frederic94,,1179,476,1
849104278,ItsSeokjin,,221,504,1
848974615,Wano+Kuni,2547,84223,347,8
848925236,CYRNEA,,514,497,1
3443166,NWAWS,15660,50176,380,9
849102465,ditexolop,15665,55110,375,12
4820234,caeron,,848,489,1
849054895,kiezer,6369,73349,359,8
848938194,marcob1,15525,82296,350,6
849103774,Kilga,15672,2686,447,1
849079470,mans31,6369,131621,330,11
1320435,Hiram+Abif,13109,250,500,1
849057623,canard29870,6369,1218,475,1
849033011,lutsu,15654,4337,434,2
849104203,cosette,15672,2297,451,1
849103668,Anthony+2026,15672,8094,422,2
1542840,henrick69,15650,6191,426,2
1842266,Touifi,15548,347736,286,34
4914563,ingridia,15672,5487,427,1
4812071,oppac,15465,256537,303,23
849096570,rico011,14655,18896,402,4
848921471,jlbb,,969,486,1
849085582,derbantin,15521,263113,301,24
849003182,Clade10,6369,145994,325,15
37071,rococo,15581,38312,386,6
849094802,Espadon+Fougueux,15624,33296,390,3
4645712,steve.0,15207,2447565,145,182
849102785,PotitElfe,15359,1378,467,1
849049994,Mousquiz,15672,1434,465,1
849100743,Manaim,15655,16521,410,4
77121,helevi,,1254,473,1
849096521,zenit031,14655,18820,403,4
4918537,HellRaiserT,15672,4028,439,2
849100069,Rayanbrh,,2609,449,1
849103804,Xelion,,223,502,1
3028231,DarkWols92,,222,503,1
1356374,kaisersos%C3%A9,2797,2263548,152,188
849103481,Izukum,,2714,446,1
849103912,Eyla,,993,484,1
849105069,Fredo444,4220,211,507,1
849104275,Maleniiaa,15675,5169,428,2
849023877,Alf2010,7613,8561,421,2
1324486,neohector,,52898,377,5
4388585,Finduilas79,11534,104415,339,17
849052930,eric+9865,7613,7423,425,2
1717618,snackiller,6369,636612,242,50
849044273,noyt,625,565415,254,56
849095220,Arrow,625,218244,315,23
849001395,LordBananas,2568,143719,326,15
683056,fouding,4629,304377,289,34
849102483,Kenshicarus,15359,122828,334,13
849079995,urka,11887,27387,398,4
1013305,vicky2000,15545,67287,369,12
849045316,Nevilli,15624,120320,336,14
2449294,TexMex,6369,1274791,196,102
215977,arnaudbernier,6369,50411,379,7
849104279,ItsSeokjinn,15675,2500,450,1
3745681,Kotani,15664,62479,372,8
848891892,Mocen,2797,8873,420,2
2567659,rachon333,15359,42712,384,6
4906644,walacel,15447,223106,313,20
849103529,kevin3115,15672,45233,382,9
1078024,le-tite,15649,10771,415,2
849103843,Red+Orca,,830,490,1
849082762,esisteban,15521,284980,294,27
1110287,ToKing,6369,89250,345,12
4657385,BrEwArDe,625,5157979,80,461
849048602,Sebio,6369,79789,352,9
849064493,steav,625,67616,367,18
849104130,Bruno14100,15672,1017,480,1
849101386,V%C3%A9g%C3%A9ta89,15359,19234,401,4
849057566,Kuruha59,15378,253207,305,30
4311892,nic0b01,6369,128737,331,16
4081018,pataplouf33,15672,1365,469,1
1488647,willydu61,4963,11763312,14,861
849052861,IlI-PrideStalker-IlI,,1651,458,1
788545,germaine136,2547,6844270,57,517
849085513,watsolmes,15521,169433,320,20
849102664,H%C3%A9rodote,15680,4265,436,2
2344908,Mrmonsteur,,551,495,1
849086014,Mercedes,6369,257282,302,28
849097642,Larmurier,15589,4443,432,2
849008149,KiraOmbre,4629,604687,248,62
3996065,Ktek,15672,38292,387,4
848896550,papimouzo,6369,89861,344,14
4758977,sblobby,11887,148118,324,20
618197,For+Poseidon,6369,2159,454,1
849081564,Julien2485,469,162871,322,18
3109300,Isohypse,469,299529,291,39
849055223,dioufy,11887,17221,407,3
849093005,Dallas2.0,6369,73493,358,13
849101826,Triphasor,15359,12404,413,2
848918202,Lea666,,246888,308,18
570985,lemort39,4629,696549,231,61
849093785,almasse721,15652,1507,464,1
848892201,zxr750r,15247,76976,356,17
848308,squalerik,4629,275603,299,36
849096512,titeuf,14655,18663,404,4
3708223,Corentt%C3%AEn,10229,569152,253,51
1204859,romainp16,6234,75645,357,12
2573526,Alfred78,4963,3685322,114,279
849103039,ljmdjfmdiofdm,15624,1921,456,1
1687474,KOUYATE,6369,68445,365,10
2854603,American+XIII,4629,1039890,216,92
1785685,nicolas+D1,15678,4417,433,2
849032312,Jerem+le+conquerant,15309,1208360,201,102
849042186,Chibrax76-,15672,1004,482,1
4866910,zeusb007,6369,140483,327,18
2838139,raiy,15477,545887,255,48
421488,Mythriomid%C3%A9e,14962,877537,227,71
1457157,billloud,4629,542941,256,45
3753151,cemwamem,10229,101469,340,11
1970472,Drakkar33,2568,13521798,5,987
1790666,aladin630,4629,949838,221,112
4211777,Herm%C3%A8s+Ail%C3%A9,4963,4675435,91,352
849053695,TOTO181123,15359,381735,282,40
1917871,03jules,15359,85717,346,13
849103807,Ishibhuku,15672,2021,455,1
4072513,Prestro,9741,7419373,45,541
2277926,furibond,15359,252754,306,30
849089917,hardpunk,6369,246406,309,25
848953976,Ath%C3%A9na%C3%AFs2307,6369,1871375,174,147
4328865,Emrys1597,11887,247336,307,26
1343843,gabare,15585,2315192,151,175
4443132,Dom030567,2568,68580,364,5
848906341,asteria56,6369,460646,266,36
604154,lalouve66,4963,4466252,100,327
38740,NOREN,4963,5481674,73,404
370615,Sir+Guingamp,15559,688087,232,52
4849442,barcus64,2568,7549381,41,551
849090540,Chatouilleur,4629,472992,263,37
4826087,jogger,469,45970,381,9
1298422,Maureen881,469,94910,341,13
27574,pypo,4963,7732529,38,569
849100095,TonChat,,83135,348,8
4365139,MisterBack,15624,521,496,1
3531872,jordalyne,11534,348938,285,40
848926174,Fla57320,11887,27432,396,2
4098162,ZORBECLEGRAS,13938,7673580,39,567
1931319,marseillais02300,4629,4363001,102,389
1681513,matlili3,13511,2379247,150,194
4067667,benzoni2015,4963,1797314,176,209
1317333,djney,4629,1568146,184,126
1942137,Wohjing,4963,8030196,35,589
849081216,topilouf,15521,450371,270,37
419305,belleamour,12645,4569200,93,339
849086557,Ratatouille17,15573,361992,283,34
1944560,Leglandeur92,4963,9324888,25,680
1971247,Rand+le+calme,625,12804874,8,934
1144513,titi+999,4629,403524,278,34
849052902,justo64,15518,123876,333,13
4510872,Jule32,,23494,400,4
285144,max77350,15673,1049,478,1
1905875,lauteret,4963,7225476,51,603
849098850,noob00,,986,485,1
1773508,Icaredison,4963,7358942,50,543
169058,arnaud49,15098,169448,319,19
849094304,Tchoopolis84,15624,2227,452,1
1948293,jyulandoli,4963,595176,250,64
4242043,fautvoir21,15265,607852,246,56
848940660,Afreu,4629,916285,222,109
727881,manu.39,4963,5793309,68,427
3533984,Thorgal25,15039,1221878,200,99
948379,Metroid67,625,8213612,33,608
849042809,ymt16735,4629,1205808,202,89
1762376,dedel03,4963,11788291,13,866
849082391,F%C3%A9line75,15589,29769,392,5
849054056,Britanian,4629,1893227,173,140
920494,Brutus69,15609,51671,378,7
20587,alyriam,15359,29233,393,3
932346,petitbandit,15130,2217890,154,169
177982,Asclepsios,4963,4543031,95,332
335335,taxi72009,469,4831489,88,423
849081933,Furyia,2797,178356,318,21
4735017,Brakus,14828,79507,355,6
1911590,Hawkmoon269,4629,4526280,96,330
2094801,tueur+5,4629,681255,233,55
849070468,BETTYBOOP,15486,131881,329,28
4892836,shelby80320,,660457,239,60
1176796,bedoul,15670,3668,444,1
849102964,Snoopnoob,6369,1604,462,1
228407,Dexir,4629,2501572,142,216
186193,MICHELBRU,4629,6850626,56,506
3534158,Kenzo139,15039,3912665,108,365
1867727,coup-mouss,11534,4993520,86,365
4070907,florianh89,10229,605430,247,53
189623,dobigny.n,10229,6931628,55,541
1650239,MnouMomo,625,14058899,3,1035
4524352,HELIOSPARTOS,4629,5050326,85,393
849046108,Hinuir,2797,1310349,194,106
613830,joebix68,4629,14717768,1,1077
1349118,CHULAK,14643,3650152,118,302
4910143,Carthagenus,15666,1367937,191,115
4906567,MissLazu,6369,3584571,120,310
849079985,dakaz76,4629,1070776,213,82
4409002,gege824,4629,5618384,70,416
2095648,Mitsumasa+Kido,4963,5139716,82,376
3204869,Bentow,4963,6566471,62,568
1087174,alph%C3%A9e50,11427,6621967,60,489
1518052,R.L19,4629,1302846,195,117
1110109,hadessamafr,4629,4231299,104,319
920053,CIRE72,,11921322,12,871
688467,victor+newman,2797,8909693,30,676
195585,philou62,4629,5161681,79,382
1612962,xxhatchepsoutxx,4963,7373746,48,552
849090507,Hydre4654,15188,138302,328,15
109430,Cinthus,15677,7416645,46,543
849097895,ugufydfydfyff,15642,10768,416,4
849072951,emy+sterre,15458,614902,244,53
677642,boum164,625,6540795,63,484
1687361,ggdm1,2568,10020891,18,737
1986254,ugis,2797,1147357,206,121
454117,Brochet38000,4629,5120766,83,457
849105143,Natanioul,,221,505,1
238624,den71,5163,757406,228,63
849081089,kikidou,15521,467613,265,41
849062858,Charlemagne59,2797,2148221,157,161
848948620,doudoupremier,15486,112456,337,25
252582,Elyk,6369,288960,293,25
402207,rel87,3393,2463506,144,180
483014,totor777,4629,4257712,103,362
848942967,peric113,2797,4706752,90,412
1843936,Ath%C3%A9na450,15644,31738,391,7
1090555,Dargun,4629,1142405,208,91
849038422,Aion,4629,1983305,165,155
163574,Parandus,469,9890336,20,746
1722479,Hugov+Ier,14962,2258941,153,180
849085454,nicoLeVoyageur,15521,311712,288,27
2598201,minotaure08,4629,13681300,4,1021
849032425,porti,,290859,292,38
848947799,loumos,11887,1136800,209,86
2132044,Konstantou,4629,1657740,183,146
848960763,john03140,4629,611441,245,59
849104701,KroKKiKrok,15521,9181,419,2
849044365,Mr.Reese,15672,14614,411,2
848953153,BRUNO44000,2568,93056,342,18
252312,titeuf42,6369,5146516,81,376
2928748,reexana69,15130,2447335,146,223
996607,bidouille94,4963,10344689,17,756
263677,esmheralda,4629,9040256,27,672
53068,politesse,469,7408067,47,545
849090637,latan3,6369,125253,332,20
453332,napoleon17,15585,2764174,138,208
781488,jugui,4629,11119265,15,824
849074365,Eejil,4629,591629,251,67
1400875,Spip,2797,12673529,9,924
3566015,kikoo5937,15639,45031,383,7
3053728,Titofff,2797,14255200,2,1040
3875018,soupepekinois,4629,432161,275,40
2236124,titi67d,6369,1707971,182,175
2488129,lafteur,12541,9182356,26,688
681046,mongeneral,625,2116655,160,218
931863,isabellacity,6369,661028,238,97
3673902,aurore-rose,15400,712202,230,87
849080177,Alvilda,,405888,277,31
1919067,Eeth-Koth,2797,4435631,101,397
849055850,foufalo,11887,67808,366,7
805555,koco57,2547,6645252,59,490
793147,gaulois99,11887,1327557,193,104
380152,crazyfilou,625,4894459,87,384
2075244,donjon28,4963,1720463,179,197
756988,laraindiana,15052,672454,235,73
3349595,THIERRYY,14568,6964084,54,591
849080252,V20B10,6369,73248,360,11
817684,ito31,9741,1726524,178,153
308035,jejebabi,625,7834681,37,575
80931,neuneu,6369,896397,224,90
4099390,vincent4611,4629,1065657,214,115
849080334,Klargus,4629,397905,281,41
849102309,AresCool,15665,69985,363,17
2013273,Malraux,2547,3660469,117,268
1264574,fifou17,13387,1167475,205,121
276734,benanto81,4629,2415678,148,179
2684235,kaloula,4963,7371170,49,540
3365763,stephoss,4629,899326,223,111
3366852,rolando1,11534,4515594,97,333
2420960,Heracleus,2568,1897137,172,141
849100288,yfyfttffyfyfyojjiji,15624,10911,414,4
1786558,bois-colombes,4629,12841890,7,937
849095521,HKator,,189234,317,26
848881547,Azelma,14892,1906938,168,190
3123223,le+poulbot,4629,3569655,121,345
849074312,Tupinor,10229,193115,316,19
4536002,jefflomme,15188,5370198,76,395
828539,lenicodu65,625,441634,273,46
1001813,florent+u,4629,301752,290,22
1412613,kyanos,15039,3595297,119,308
204546,fabien59940,4629,2879778,135,230
836859,Polubios,2547,9548414,23,697
849004361,nipoune,4629,662892,237,56
1059963,KFAB57,4629,5513474,72,409
415017,gatouille,4629,4553784,94,340
1487209,marc71,6369,892728,225,96
1541120,archerPVP94,15669,3441802,123,270
1218186,Niels+de+Hecke,14500,27432,397,2
1059637,Lillusionniste,15130,3672181,115,277
2355421,JeanXXIII,15359,29221,394,5
100175,kehops65,4629,1176868,203,104
140759,TheDonz,469,2771591,137,268
1057486,nono+man,15130,3772440,113,276
849073982,Arnakos,15465,226748,312,19
1848963,bool2,625,8028938,36,587
2304678,aazeva,4963,2065230,162,152
849070568,BEBEL64,4629,652317,240,76
4145102,Olimpia25556,6369,1834676,175,231
849104356,Support,15676,7431,424,3
849057437,SPQR,15486,476497,262,52
1888072,patatoch73,13938,12371644,11,904
274075,dede59,4629,1145589,207,86
4599724,Amphitrite1234,15513,1076716,211,91
849076816,Johnny24,4629,669980,236,62
49998,Claymore,13860,7428120,44,560
849089248,Niwak,15596,627043,243,54
848995358,loup1,11887,275664,298,25
1295601,Themodocle,10229,6420301,64,472
1865707,Mornat,15382,5435358,74,406
251538,PAT24,6369,66075,371,11
615329,shaka783,4963,7458596,43,544
4835577,pourtales,6369,446854,271,75
1688629,Cap2matxo,4963,5308092,78,387
219118,Mac+DUFF,15309,167546,321,18
3216810,elgnoy,2797,1391968,188,125
1165275,ntct,6369,4247,437,1
2244628,alcunni,10229,2121204,159,158
849037647,NovaAmethyst,4629,673185,234,58
848958119,SOSOMALAUSTE69,15098,956109,220,105
3672868,Phild65,4629,1396972,187,107
2393312,valentinF62,13938,2477643,143,213
690100,Edouard1965,15188,4106135,105,312
2247524,totola2,4963,1376009,190,110
848883684,Pyre,14892,1759605,177,132
923982,gibus03,4629,6201251,66,463
1074959,Karpaty,4629,3917315,107,297
849083819,Perseus+Ier,2568,530604,257,44
849071162,tipakusaugustus,2568,503963,259,52
1901857,olive1967,4629,1175541,204,99
1303533,gbsd,4963,2746627,139,208
4321787,Citymen,6369,1713597,181,179
53637,kikiver,4629,3661341,116,286
1597646,Goulati,4629,1413521,185,107
1996188,U-96,15359,1263330,197,161
1752698,ricox21,4629,3980604,106,345
4625531,Starwars76,15323,1405091,186,112
2446140,Le-cand,15359,39077,385,4
2937274,Fourtou,15130,3047503,132,279
4311089,LEXXUS+GA,14828,79669,353,6
2635446,nonovitto,15098,604631,249,46
1725762,basketteur222,,54192,376,4
4827798,anzz08,4220,451560,269,35
1888010,legion95,13530,9917297,19,726
1189933,PILOU95,4629,1906499,169,175
35324,H%C3%A9ruur,4963,880206,226,66
633613,Phil83,6234,507492,258,37
1208925,Yggr,13938,8697294,31,874
351606,lefossile,4629,960327,219,77
849082285,Biditchoun,15541,120330,335,15
849081780,piol,2568,73151,361,9
11369,fonfon65,14655,4597709,92,345
98182,likiki,15567,444129,272,39
4907536,natilou,10229,2418493,147,229
2132903,S%C3%A9raphil,2797,8448396,32,625
1933171,lgd72,13530,9675783,22,708
760457,Macxa,14644,3209242,129,258
4892162,Layla29,4629,1252843,199,120
648290,Cyparis,6369,17098,408,2
26267,titou38,4629,3912152,109,322
1414366,Sanmark,11190,268915,300,57
917480,COBRA97,4963,3844738,112,370
849094296,Rafalou,11887,218761,314,30
3582890,-k100dre-,12645,356825,284,35
2585558,02INGRID03,469,1719461,180,163
2210326,lorieataquante,2568,3185576,130,236
4518813,fontaine14,13530,585495,252,47
849027477,tonybelga,15576,152472,323,20
4867116,quentinopolis,2568,71595,362,6
471045,OM76,11427,3278573,126,244
4471734,yyrkoon41,4220,2127942,158,217
2874414,Perraudeau,10229,2063148,163,177
4888320,Gladiadus,4629,2110977,161,169
1936143,STEP59,4963,7520156,42,581
849082462,siouxsoune,15521,430156,276,40
4924595,manudouguet,15098,1385895,189,155
2102283,zidane1998,6369,1009434,218,76
1062653,papaluc,625,5925050,67,513
4740559,merithaton,2568,17318,406,6
1298963,LePiou,4963,6292854,65,485
1922799,Val+Can,15659,284310,295,26
3999499,Lirce,9741,5118040,84,374
3539110,Boozky,15039,3397689,124,298
4881217,Moringa,469,3269510,127,248
1213626,galix14,4963,1902529,170,155
1709892,Kervador29,13938,8969827,29,655
1901715,doville+76,4963,8096355,34,672
848911564,REALITE,14828,79611,354,6
1921919,campa,15188,2013227,164,164
849079748,Balteus,4629,483916,260,47
848958218,hdfxd,6369,1262630,198,135
1068877,Vansdethi2,625,460309,267,42
2281111,dede67140,625,1357451,192,105
215238,Minot-taure,4963,1960705,166,156
3536438,Fuzitsu,15188,2849805,136,211
448810,ANDREABL,4629,3542609,122,316
1013556,joel53,7360,5398928,75,398
698008,etho91,13938,4475704,99,327
848893587,danylou,13938,2722621,141,238
849073804,Alastor.,4629,756501,229,67
848997568,Lusiris,4629,1899768,171,143
673697,smoon,4629,1916300,167,177
4055546,El-Tiburon,11534,4494032,98,333
322489,BARONBOB,625,2403139,149,310
849055848,chienrage,11887,66098,370,7
3532752,Ezeldriin,4220,2724129,140,268
129433,pollux38,4629,12637778,10,930
3884410,SanofiAventis,4963,6838978,58,595
755346,axel666,4963,9466403,24,712
4336058,stamod,12897,3264992,128,240
1196984,TantanMeignier,4629,6994926,53,510
463299,jessyblanca,4963,254271,304,27
1464164,brynner,4629,3095741,131,274
2905500,PW67,13738,284011,296,34
1788347,rnycbb,9666,3374997,125,248
2267056,nenette74,9741,478622,261,64
1320507,Boomerang33,13109,17331,405,2
672849,TORRADO,4629,2186206,156,215
405626,aucha,2568,1032140,217,86
4789409,Lek76,14615,3907491,110,294
1333767,dylme,4629,640646,241,81
1360246,Musslin,625,3890823,111,303
1061020,michevel,625,8973861,28,655
52749,SilverMattof,4629,1083362,210,79
911835,eivlys62,9741,2963769,134,275
1440215,kk5757,2568,7580444,40,553
606842,franck56700,4629,5606451,71,425
2428871,target-53,4629,1073874,212,97
4668157,saucin+luc,13530,3026543,133,268
359242,jo120592,4220,1050199,215,84
2827222,spartacus2ab,13511,4714905,89,354
3103606,dumer,625,6599872,61,507
4241711,Mistigris92,15359,10957784,16,801
3288880,Christosilides,,5778084,69,431
4061524,heimst,4629,7178935,52,540
1891588,civodul214,12045,9869951,21,725
