849105609,Dark+Ga%C3%AFa,15672,1148,478,1
3534158,Kenzo139,15039,3945944,108,368
849006914,walou532,,1114,479,1
848936177,marsiud,11887,459009,268,76
849103126,luciole0886,15624,1361,472,1
3525673,nene194,15672,1033,485,1
849082486,Imer19,6369,410388,278,43
849016837,Nainkapable,15359,3947,443,2
4895054,pastisricard,10229,404799,281,35
849096983,Strobopop,,221,499,1
849105532,Clepent,,175,501,1
3222309,bissaquine,15593,295828,294,29
1470129,Saint+Achille+Akhilleus,10229,80325,353,8
849101693,Solivagant,,65121,373,6
1425420,gina55,15679,1716,457,1
849105457,Domantoine,15600,1046,484,1
4645712,steve.0,15207,2471002,145,184
848946367,benuche35,15274,246018,310,31
4082924,diego3,15672,1005,486,1
3935316,Lutti389,15672,1150,477,1
849087650,Colr0,6369,83060,349,11
849094979,Jaemsdu82370,6369,35259,388,3
848985825,miltiade68,15672,72103,362,9
849081800,Luxurius,15600,3692,445,1
849100742,Ghost11,,1614,461,1
1393972,IMITH,4629,2212671,155,208
849020486,COCO61,,1091,481,1
119662,thyn,15672,1339,473,1
849070442,solei,4220,16631,410,3
849096898,alex36130,6369,2180,452,1
849101797,Gedeon29,15624,9175,423,3
4416740,JAILOO,6369,11977,415,3
849100560,BENzo,2797,177074,320,16
849093968,Moops,,0,504,0
4883879,toctoc,,1070,482,1
1886309,Lapo%C3%A9l%C3%A9sos,15521,484405,263,41
849052465,Baraka76,15588,90326,344,9
195585,philou62,4629,5181488,79,384
849098926,Justine,6369,40766,386,7
849004488,Adriana,15672,7120,428,3
3225221,Gusgui27,15672,1637,459,1
849095646,Hake,,5199,434,1
849103149,jacknapadi,11887,5521,431,1
849096451,Rimka,,1269,474,1
4247039,jijitobaba,14939,228,495,1
849104192,Kenpachi449,15672,781,491,1
849100749,Darksnows2507,6369,4180,440,2
849084709,Samsam,15589,27913,396,5
4169431,boccarossa06,2547,440608,274,44
849080538,Minifreee23,15672,1106,480,1
849054970,Scribe,6369,12550,414,3
849097062,MJseven,625,544,492,1
849104046,Milton,6369,1374,471,1
849103794,Shyarlie+Enora,15667,35256,389,5
1059963,KFAB57,4629,5535768,72,410
1867727,coup-mouss,11534,4996553,86,365
4462566,gros1919,15672,4114,442,1
849057586,maximus91120,15600,1539,465,1
848974615,Wano+Kuni,2547,84223,347,8
1842266,Touifi,15548,357592,284,34
849100862,Lempicka-4,2568,4145,441,1
849057623,canard29870,6369,1424,470,1
1320435,Hiram+Abif,13109,250,494,1
788545,germaine136,2547,6854905,57,519
849102187,centurion02,11887,1797,455,1
37071,rococo,15581,41622,385,6
4812071,oppac,15465,264563,303,23
77121,helevi,,1254,475,1
849102465,ditexolop,15665,67382,369,12
4918537,HellRaiserT,15672,7197,427,3
4820234,caeron,,854,489,1
849079470,mans31,6369,133089,332,11
849104896,saphotest4,2568,175,503,1
849039453,frederic94,,1179,476,1
849102526,DeL-Ba,15359,11760,416,2
848938194,marcob1,15525,82296,350,6
849096521,zenit031,14655,19805,404,4
848925236,CYRNEA,,514,493,1
849054182,Blakyllex,,4319,439,2
849104746,lkhlgkjgkgkjglh,15600,1745,456,1
3443166,NWAWS,15660,58640,376,10
849096570,rico011,14655,19689,405,4
849054895,kiezer,6369,74863,361,8
849094802,Espadon+Fougueux,15624,33810,391,3
1942137,Wohjing,4963,8039102,35,589
722826,miles438,4629,5364430,77,394
849095675,Lord+BabSa,15672,1676,458,1
1542840,henrick69,15359,12565,413,4
849103435,Sans,,5555,430,1
849100743,Manaim,15655,17534,407,4
849033011,lutsu,15654,4612,436,2
849061643,-hpfer-,15576,62032,374,5
849003182,Clade10,6369,150147,325,15
848985403,Sakura1,15672,1471,467,1
2564622,drattoc,7613,343466,287,29
4914563,ingridia,15672,5487,432,1
848921471,jlbb,,969,487,1
849104179,Guildebruck,6369,3057,447,1
4777266,Eniotna,15672,1050,483,1
849103668,Anthony+2026,15672,9326,422,2
849105607,guest-998f6f759c13438385,,175,502,1
849103481,Izukum,,2739,448,1
849093988,Pri0xx,625,1597,463,1
849104203,cosette,15672,3121,446,1
849049994,Mousquiz,15672,1434,469,1
849085582,derbantin,15521,276960,300,25
849100069,Rayanbrh,,2609,449,1
849103804,Xelion,,223,496,1
3028231,DarkWols92,,222,497,1
849105069,Fredo444,4220,211,500,1
849104275,Maleniiaa,15675,5169,435,2
849052930,eric+9865,7613,7566,426,2
849048602,Sebio,6369,81310,352,9
3996065,Ktek,15672,39057,387,4
849023877,Alf2010,7613,8572,425,2
683056,fouding,4629,304377,290,34
335335,taxi72009,469,4840417,88,424
4081018,pataplouf33,15672,1584,464,1
920053,CIRE72,,11977461,12,876
849045316,Nevilli,15624,120265,336,14
3745681,Kotani,15664,66239,370,8
2567659,rachon333,15359,42712,384,6
849104279,ItsSeokjinn,15675,2500,450,1
848891892,Mocen,2797,8873,424,2
849001395,LordBananas,2568,144985,327,15
1013305,vicky2000,15545,69154,365,12
849095220,Arrow,625,221946,314,23
849102483,Kenshicarus,15359,135089,331,15
849085513,watsolmes,15521,178352,319,21
849082762,esisteban,15521,297502,293,28
849097642,Larmurier,15589,4562,437,2
849101386,V%C3%A9g%C3%A9ta89,15359,21604,401,4
109430,Cinthus,15677,7418302,47,543
4657385,BrEwArDe,625,5105358,84,463
849054056,Britanian,4629,1908012,170,141
1110287,ToKing,6369,99029,340,12
4409002,gege824,4629,5628911,70,417
2449294,TexMex,6369,1303269,195,107
849057566,Kuruha59,15378,253399,307,30
215977,arnaudbernier,6369,51872,379,7
1078024,le-tite,15649,11056,419,2
849052861,IlI-PrideStalker-IlI,,1617,460,1
781488,jugui,4629,11153092,15,826
849064493,steav,625,67681,368,18
1324486,neohector,,54007,378,5
836859,Polubios,2547,9552675,23,697
848896550,papimouzo,6369,95347,343,14
849079995,urka,11887,29555,394,4
4311892,nic0b01,6369,144384,328,17
4388585,Finduilas79,11534,105949,338,17
849086014,Mercedes,6369,267871,302,29
849102664,H%C3%A9rodote,15680,5481,433,2
849103529,kevin3115,15672,59552,375,11
849008149,KiraOmbre,4629,604687,250,62
4906644,walacel,15447,223106,312,20
849044273,noyt,625,565467,254,56
1717618,snackiller,6369,652014,241,51
2344908,Mrmonsteur,,885,488,1
849093005,Dallas2.0,6369,83374,348,14
849053695,TOTO181123,15359,385564,282,40
849055223,dioufy,11887,17221,409,3
370615,Sir+Guingamp,15559,703711,231,53
2937274,Fourtou,15130,3099157,132,283
848953976,Ath%C3%A9na%C3%AFs2307,6369,1882928,174,147
4866910,zeusb007,6369,157046,323,19
848308,squalerik,4629,289975,297,37
1343843,gabare,15585,2327831,151,175
849090540,Chatouilleur,4629,500317,260,39
1204859,romainp16,6234,77090,359,12
4328865,Emrys1597,11887,252987,308,26
848906341,asteria56,6369,468216,266,36
2838139,raiy,15477,553258,255,48
849103039,ljmdjfmdiofdm,15624,1921,454,1
849096512,titeuf,14655,19878,403,4
3708223,Corentt%C3%AEn,10229,579391,253,52
4849442,barcus64,2568,7560965,41,552
4758977,sblobby,11887,149056,326,20
1356374,kaisersos%C3%A9,2797,2263548,154,188
2277926,furibond,15359,254735,304,30
604154,lalouve66,4963,4478409,100,328
3109300,Isohypse,469,315957,289,41
849101826,Triphasor,15359,14036,412,2
1457157,billloud,4629,547064,256,46
1785685,nicolas+D1,15678,6324,429,2
3753151,cemwamem,10229,104522,339,11
849093785,almasse721,15652,1507,466,1
848918202,Lea666,,246888,309,18
2573526,Alfred78,4963,3691253,115,279
1687474,KOUYATE,6369,71674,364,11
38740,NOREN,4963,5482744,73,404
570985,lemort39,4629,703061,232,62
849089917,hardpunk,6369,253723,306,26
849103807,Ishibhuku,15672,2021,453,1
4072513,Prestro,9741,7419373,46,541
2854603,American+XIII,4629,1041042,216,92
848892201,zxr750r,15247,78483,357,17
4443132,Dom030567,2568,68580,366,5
1917871,03jules,15359,85825,346,13
618197,For+Poseidon,6369,15049,411,3
1790666,aladin630,4629,963626,219,113
849032312,Jerem+le+conquerant,15309,1212811,201,103
848942967,peric113,2797,4720364,90,413
4365139,MisterBack,15624,788,490,1
1931319,marseillais02300,4629,4362571,102,389
1752698,ricox21,4629,3996642,106,346
849082391,F%C3%A9line75,15589,30423,393,5
1681513,matlili3,13511,2383792,150,194
4510872,Jule32,,26936,399,4
849100095,TonChat,,86373,345,8
849052902,justo64,15518,124109,334,13
419305,belleamour,12645,4579648,93,340
4098162,ZORBECLEGRAS,13938,7674427,39,567
1488647,willydu61,4963,11765485,14,861
848926174,Fla57320,11887,27432,397,2
4826087,jogger,469,45970,383,9
169058,arnaud49,15098,178625,318,20
1944560,Leglandeur92,4963,9325273,25,680
4067667,benzoni2015,4963,1804798,176,210
849086557,Ratatouille17,15573,382178,283,39
613830,joebix68,4629,14740119,1,1078
4242043,fautvoir21,15265,609155,247,56
1144513,titi+999,4629,419862,277,36
1773508,Icaredison,4963,7375209,49,545
849081216,topilouf,15521,458583,269,38
1371874,LeGrizzly,4963,13520523,6,986
3531872,jordalyne,11534,351724,286,40
1298422,Maureen881,469,95412,342,13
948379,Metroid67,625,8235305,33,611
920494,Brutus69,15609,51671,380,7
1687361,ggdm1,2568,10040205,18,738
848940660,Afreu,4629,917165,222,109
3672868,Phild65,4629,1398305,187,107
3533984,Thorgal25,15039,1221878,200,99
849042809,ymt16735,4629,1208238,202,89
849094304,Tchoopolis84,15624,2331,451,1
1948293,jyulandoli,4963,608778,248,65
1971247,Rand+le+calme,625,12829144,8,936
1518052,R.L19,4629,1302920,196,117
1650239,MnouMomo,625,14082817,3,1037
1911590,Hawkmoon269,4629,4526280,96,330
3204869,Bentow,4963,6567605,62,568
20587,alyriam,15359,31351,392,3
2095648,Mitsumasa+Kido,4963,5139716,81,376
4910143,Carthagenus,15666,1376961,190,115
186193,MICHELBRU,4629,6870684,56,508
2094801,tueur+5,4629,681508,233,55
849102964,Snoopnoob,6369,1604,462,1
4892836,shelby80320,,668877,239,61
849081933,Furyia,2797,188150,317,21
4070907,florianh89,10229,619044,245,54
849070468,BETTYBOOP,15486,141539,329,28
1176796,bedoul,15670,3814,444,1
177982,Asclepsios,4963,4544133,95,332
849046108,Hinuir,2797,1322110,194,107
1087174,alph%C3%A9e50,11427,6633507,60,490
228407,Dexir,4629,2505375,142,216
4735017,Brakus,14828,79507,356,6
4906567,MissLazu,6369,3598533,120,311
1110109,hadessamafr,4629,4252096,104,319
1349118,CHULAK,14643,3662536,116,302
849081089,kikidou,15521,480220,264,42
1843936,Ath%C3%A9na450,15644,34171,390,7
402207,rel87,3393,2463506,146,180
848948620,doudoupremier,15486,121656,335,25
849097895,ugufydfydfyff,15642,10768,420,4
380152,crazyfilou,625,4897075,87,384
677642,boum164,625,6551406,63,484
849105143,Natanioul,,221,498,1
849085454,nicoLeVoyageur,15521,317885,288,27
849038422,Aion,4629,2002645,165,156
163574,Parandus,469,9903679,20,747
1090555,Dargun,4629,1142550,208,91
849062858,Charlemagne59,2797,2163836,157,162
454117,Brochet38000,4629,5125922,82,457
1986254,ugis,2797,1147357,207,121
483014,totor777,4629,4270753,103,363
849032425,porti,,294247,295,38
849090507,Hydre4654,15188,140839,330,15
848960763,john03140,4629,614760,246,59
1317333,djney,4629,1567891,184,126
1059637,Lillusionniste,15130,3742362,114,282
2598201,minotaure08,4629,13708223,4,1024
849072951,emy+sterre,15458,628349,244,55
2132044,Konstantou,4629,1669512,183,148
848947799,loumos,11887,1142095,209,87
238624,den71,5163,759545,229,63
1722479,Hugov+Ier,14962,2273143,153,180
1612962,xxhatchepsoutxx,4963,7397064,48,554
252582,Elyk,6369,290990,296,25
3566015,kikoo5937,15639,51002,381,9
793147,gaulois99,11887,1346423,193,105
931863,isabellacity,6369,671585,237,98
3673902,aurore-rose,15400,724320,230,87
4524352,HELIOSPARTOS,4629,5069071,85,394
1905875,lauteret,4963,7238691,51,605
2928748,reexana69,15130,2476255,144,225
849044365,Mr.Reese,15672,23261,400,3
849090637,latan3,6369,125567,333,20
996607,bidouille94,4963,10350986,17,756
252312,titeuf42,6369,5151089,80,376
805555,koco57,2547,6645926,59,490
1400875,Spip,2797,12673529,9,924
2488129,lafteur,12541,9183415,26,688
2236124,titi67d,6369,1707971,182,175
53068,politesse,469,7422085,45,545
2075244,donjon28,4963,1724706,181,198
848953153,BRUNO44000,2568,96643,341,18
849055850,foufalo,11887,67808,367,7
849080177,Alvilda,,405888,280,31
849104701,KroKKiKrok,15521,11433,418,2
688467,victor+newman,2797,8928383,30,677
453332,napoleon17,15585,2874570,136,216
681046,mongeneral,625,2125226,161,218
27574,pypo,4963,7764275,38,572
3875018,soupepekinois,4629,432235,276,40
932346,petitbandit,15130,2284589,152,174
3366852,rolando1,11534,4519547,97,333
817684,ito31,9741,1726524,179,153
4099390,vincent4611,4629,1068465,214,115
849074312,Tupinor,10229,198560,315,19
1264574,fifou17,13387,1167475,205,121
849102309,AresCool,15665,81576,351,17
848881547,Azelma,14892,1918569,167,192
849095521,HKator,,195708,316,27
849080252,V20B10,6369,75411,360,11
849100288,yfyfttffyfyfyojjiji,15624,11458,417,4
3365763,stephoss,4629,903916,223,111
308035,jejebabi,625,7873884,37,578
80931,neuneu,6369,903355,224,90
3349595,THIERRYY,14568,6974145,54,592
189623,dobigny.n,10229,6938870,55,541
2420960,Heracleus,2568,1897137,173,141
2013273,Malraux,2547,3662347,117,268
1001813,florent+u,4629,301752,291,22
849080334,Klargus,4629,410019,279,41
1786558,bois-colombes,4629,12860301,7,938
1970472,Drakkar33,2568,13540639,5,989
849105468,M+el+matador+m,15359,1469,468,1
828539,lenicodu65,625,441634,273,46
756988,laraindiana,15052,674400,234,73
276734,benanto81,4629,2419483,148,179
2684235,kaloula,4963,7373681,50,540
3053728,Titofff,2797,14346981,2,1047
1412613,kyanos,15039,3612311,119,309
140759,TheDonz,469,2771591,138,268
849073982,Arnakos,15465,228801,311,19
100175,kehops65,4629,1185612,203,105
2355421,JeanXXIII,15359,29279,395,5
1218186,Niels+de+Hecke,14500,27432,398,2
849004361,nipoune,4629,669688,238,56
1541120,archerPVP94,15669,3441802,123,270
1848963,bool2,625,8029250,36,587
204546,fabien59940,4629,2879833,135,230
1919067,Eeth-Koth,2797,4449966,101,398
2304678,aazeva,4963,2065230,163,152
1487209,marc71,6369,893452,226,96
415017,gatouille,4629,4561076,94,341
26267,titou38,4629,3964639,107,326
848995358,loup1,11887,277256,299,25
849089248,Niwak,15596,643995,243,55
251538,PAT24,,66075,372,11
615329,shaka783,4963,7458596,43,544
1865707,Mornat,15382,5458056,74,407
274075,dede59,4629,1150755,206,86
1688629,Cap2matxo,4963,5308092,78,387
1295601,Themodocle,10229,6433375,64,473
49998,Claymore,13860,7427988,44,560
4835577,pourtales,6369,452302,271,76
849057437,SPQR,15486,494465,261,52
4145102,Olimpia25556,6369,1840699,175,231
1888072,patatoch73,13938,12379688,11,905
1762376,dedel03,4963,11801925,13,866
849076816,Johnny24,4629,671622,236,62
4599724,Amphitrite1234,15513,1088901,210,91
849074365,Eejil,4629,599213,251,67
849104356,Support,15676,9773,421,3
849070568,BEBEL64,4629,666690,240,77
2393312,valentinF62,13938,2485918,143,214
219118,Mac+DUFF,15309,168187,321,18
3216810,elgnoy,2797,1391989,189,125
1165275,ntct,6369,4347,438,1
849037647,NovaAmethyst,4629,673313,235,58
848958119,SOSOMALAUSTE69,15098,955892,221,105
2244628,alcunni,10229,2127512,160,158
690100,Edouard1965,15188,4106135,105,312
1303533,gbsd,4963,2750535,139,208
1996188,U-96,15359,1263330,198,161
849083819,Perseus+Ier,2568,542757,257,47
4321787,Citymen,6369,1725342,180,180
923982,gibus03,4629,6215945,66,464
849071162,tipakusaugustus,2568,540542,258,52
2247524,totola2,4963,1376009,191,110
1074959,Karpaty,4629,3924775,109,297
53637,kikiver,4629,3661341,118,286
1597646,Goulati,4629,1424181,185,108
848883684,Pyre,14892,1763278,177,132
1901857,olive1967,4629,1179546,204,99
2635446,nonovitto,15098,607371,249,46
3123223,le+poulbot,4629,3587703,121,346
2446140,Le-cand,15359,47380,382,5
4827798,anzz08,4220,451560,272,35
421488,Mythriomid%C3%A9e,14962,898568,225,72
1725762,basketteur222,,54192,377,4
4311089,LEXXUS+GA,14828,79669,354,6
4625531,Starwars76,15323,1416849,186,112
1189933,PILOU95,4629,1909631,169,175
4907536,natilou,10229,2423391,147,229
633613,Phil83,6234,507492,259,37
1208925,Yggr,13938,8710924,31,876
849082285,Biditchoun,15541,119041,337,15
849081780,piol,2568,77194,358,9
35324,H%C3%A9ruur,4963,881250,227,66
98182,likiki,15567,455863,270,42
11369,fonfon65,14655,4606915,92,346
351606,lefossile,4629,961746,220,77
2132903,S%C3%A9raphil,2797,8447057,32,625
1414366,Sanmark,11190,268915,301,57
648290,Cyparis,6369,17792,406,2
760457,Macxa,14644,3217039,129,258
4892162,Layla29,4629,1257637,199,120
917480,COBRA97,4963,3858081,112,370
2210326,lorieataquante,2568,3187068,130,236
471045,OM76,11427,3283034,127,244
3582890,-k100dre-,12645,356825,285,35
849027477,tonybelga,15576,156089,324,20
4867116,quentinopolis,2568,71770,363,6
849094296,Rafalou,11887,222516,313,31
2585558,02INGRID03,469,1743111,178,164
4471734,yyrkoon41,4220,2130643,158,217
4518813,fontaine14,13530,585800,252,47
2874414,Perraudeau,10229,2068492,162,177
4888320,Gladiadus,4629,2127532,159,170
4740559,merithaton,2568,20665,402,6
1062653,papaluc,625,5934988,67,514
4924595,manudouguet,15098,1396628,188,156
849082462,siouxsoune,15521,437809,275,40
1057486,nono+man,15130,3781582,113,276
2102283,zidane1998,6369,1011982,218,76
1936143,STEP59,4963,7538238,42,583
3999499,Lirce,9741,5120776,83,374
1922799,Val+Can,15659,298946,292,28
1298963,LePiou,4963,6306281,65,485
4536002,jefflomme,15188,5372645,76,395
3539110,Boozky,15039,3429784,124,300
1213626,galix14,4963,1903459,171,155
1888010,legion95,13530,10000715,19,732
4881217,Moringa,469,3295814,126,250
848911564,REALITE,14828,79611,355,6
727881,manu.39,4963,5802505,68,427
1709892,Kervador29,13938,8979502,28,656
4211777,Herm%C3%A8s+Ail%C3%A9,4963,4717571,91,360
1901715,doville+76,4963,8110108,34,673
1921919,campa,15188,2013224,164,164
849079748,Balteus,4629,490247,262,47
848958218,hdfxd,6369,1270593,197,136
849079985,dakaz76,4629,1087291,211,83
1068877,Vansdethi2,625,461328,267,42
1933171,lgd72,13530,9781151,22,716
2281111,dede67140,625,1358256,192,105
1013556,joel53,7360,5405489,75,398
215238,Minot-taure,4963,1978268,166,159
3536438,Fuzitsu,15188,2850623,137,211
448810,ANDREABL,4629,3550893,122,318
263677,esmheralda,4629,9052765,27,672
848893587,danylou,13938,2717467,141,238
698008,etho91,13938,4478487,99,328
849073804,Alastor.,4629,767427,228,71
848997568,Lusiris,4629,1901434,172,143
673697,smoon,4629,1916300,168,177
4055546,El-Tiburon,11534,4504772,98,334
322489,BARONBOB,625,2410107,149,311
849081564,Julien2485,469,167653,322,18
849055848,chienrage,11887,66098,371,7
3532752,Ezeldriin,4220,2728087,140,269
129433,pollux38,4629,12660232,10,931
755346,axel666,4963,9488078,24,714
3884410,SanofiAventis,4963,6841124,58,595
4336058,stamod,12897,3264992,128,240
1196984,TantanMeignier,4629,7001368,53,511
1464164,brynner,4629,3102458,131,275
463299,jessyblanca,4963,254271,305,27
2905500,PW67,13738,288053,298,34
1788347,rnycbb,9666,3380207,125,248
2267056,nenette74,9741,478622,265,64
1320507,Boomerang33,13109,17331,408,2
672849,TORRADO,4629,2188835,156,215
405626,aucha,2568,1032500,217,86
4789409,Lek76,14615,3915403,110,295
1333767,dylme,4629,647034,242,81
1360246,Musslin,625,3892669,111,303
1061020,michevel,625,8974635,29,655
52749,SilverMattof,4629,1083362,212,79
2428871,target-53,4629,1081871,213,97
606842,franck56700,4629,5600959,71,425
911835,eivlys62,9741,2996037,134,278
1440215,kk5757,2568,7599148,40,555
359242,jo120592,4220,1050199,215,84
4668157,saucin+luc,13530,3092636,133,273
2827222,spartacus2ab,13511,4725345,89,355
3103606,dumer,625,6611772,61,508
3288880,Christosilides,,5795516,69,432
1891588,civodul214,12045,9882466,21,726
4241711,Mistigris92,15359,10992622,16,803
4061524,heimst,4629,7195993,52,541
