15644,Guerre+et+Sagesse,57220,8,1,83
14500,La+horde+d%27or,27432,2,1,87
15687,RES+NON+VERBA,11383999,840,1,17
15323,Solo,1560410,123,1,42
15652,ALTZAYA,1507,1,1,95
15680,Killing+Joke,18831,3,1,88
15589,Vengeance,83968,14,3,77
15665,Por+la+vida,383714,42,2,63
15382,Pays+du+Silence,5564858,415,1,25
15274,FORZA+BRETANIA,262149,32,1,67
15458,my+name+is+nobody,707035,61,1,53
15545,terra+nostrum,77053,12,1,78
15655,Soloooo,30810,5,1,86
15518,VALENTIA,144889,18,2,73
15541,feur,164131,21,1,72
15659,%2A+Solo+%2A,503875,45,1,59
15513,Lusithania,1212114,100,1,45
15670,bedoul,11123,5,1,91
15477,POUR+LE+FUN,628158,59,1,57
15486,LES+BARBOUZES,846631,92,2,50
15654,%C3%80+la+Retraite,5515,2,1,92
15567,Les+Chalors,533984,50,1,58
5163,Gold-Oracle,773560,65,1,52
15581,Toulousain,64882,8,1,80
15447,shadow+of+sparta,224487,20,1,70
14892,Rantanplan,3769132,328,2,33
15525,CHAM+MB1,98418,11,1,74
15247,belgica,90178,17,1,76
15400,Elise,774946,87,1,51
469,Amis+de+la+Paix+Bor%C3%A9ale,31374877,2539,10,7
15052,SG.1,691254,75,1,54
15309,Les+fr%C3%A8res+d%27armes,1463623,127,2,44
15585,RAINBOW+SIX,5405127,406,2,27
15265,melni+sans+fin,631315,58,1,56
15679,Gina55,4390,1,1,93
15666,Ligue+de+D%C3%A9los,1480177,121,1,43
15678,Kylin,42566,8,1,84
15676,Qhatborh,63134,14,1,81
15548,Gardes+Forestier,425030,41,1,60
15098,le+ph%C3%A9nix,3337657,340,4,36
13387,Carr%C3%A9+Manchot,1171172,121,1,46
15684,-+L%27Hort+de+las+Fadas+-,901548,68,1,48
15639,Empire+romain+d%27orient,91531,12,1,75
15576,Europa+libre,231537,27,2,69
14655,Tousencamion,4767950,362,4,29
11534,Le+Clan+des+Sages,14757380,1108,5,15
15359,Dragons+Force,8223092,863,23,20
12897,VI+-+INVICTUS+-+MMXVII,3279494,243,1,38
14939,Pas+plus+bas...,228,1,1,96
15664,Bim+Bim+Bam,75866,8,1,79
6369,%2A+Xeniteas+%2A,27638129,2599,38,8
6234,les+Achilliens,634252,51,2,55
15521,Les+Pieds+Nickel%C3%A9s,3441173,306,9,34
15465,Cocorico,278497,21,1,65
14643,LES+VIEUX+DE+LA+VIEILLE.,3781748,312,2,32
15624,S%C3%A9quanes,63123,8,3,82
10229,La+Table+Ronde,22668393,1815,11,11
7360,isis+rem,5474200,404,1,26
15207,teamgers,2617667,199,1,40
15188,Irr%C3%A9ductibles,15234633,1154,6,14
15682,Chez+moi,33450,6,1,85
11427,%2A%2A+Corsaires+%2A%2A,10165667,749,2,18
15559,Force+et+robustesse,878307,65,1,49
15573,en+solitaire,424423,41,1,61
2547,Ligue+ach%C3%A9enne,27009135,1988,4,9
15039,LES+MAYAS,12660147,1116,4,16
15672,PALAS,928538,160,51,47
13938,Phenix,47999183,3832,7,5
15600,Fr%C3%A8res+de+la+C%C3%B4te,16318,4,2,90
13860,Claymore,7428540,560,1,21
15378,les+disparus,4246,3,3,94
12541,coucou+c%27est+moi,9258796,688,1,19
13530,Neutre,23766832,1790,4,10
3393,Blood+and+Sand,2511807,184,1,41
15660,Lez+Hyst%C3%A9riques,166757,19,1,71
13109,La+Terrasse,17506,3,2,89
14962,Les+Hoplites,3307874,258,2,37
625,Vivre+libre+ou+mourir,88234691,6793,14,3
15130,Band+Of+Brothers,16154029,1302,5,13
7613,SEBHARIBO,399727,36,3,62
9666,Union+Fortifi%C3%A9,3398923,250,1,35
14644,Amorphis,3278230,268,1,39
12645,-%3DOlympus%3D-,5024928,383,2,28
11190,Club+Wanadoo,270390,57,1,66
13511,L%27Odyss%C3%A9e,7292104,558,2,22
13738,A+Flo,301821,37,1,64
14828,GA+XX,238787,18,3,68
14568,Le+Serpentaire,7061625,599,1,23
9741,Hyperborea+Sans+Fin,16244123,1280,4,12
11887,GREPO+SOLO,4131786,398,17,30
2568,Force+Honneur+bbaannzzzz,45457023,3386,14,6
2797,Les+Dieux+Olympiens,66177298,5142,20,4
4220,Chim%C3%A8re,6481011,619,6,24
4629,Renaissance+des+Sombres,260715086,20638,80,1
4963,AS+Spartacus,215870708,16618,38,2
14615,P+E+A+C+E,4058723,306,1,31
