469,Amis+de+la+Paix+Bor%C3%A9ale,30805419,2493,10,7
625,Vivre+libre+ou+mourir,101021558,7912,22,3
2547,Ligue+ach%C3%A9enne,27320090,2030,6,8
2568,Force+Honneur+bbaannzzzz,46607234,3468,16,6
2797,Les+Dieux+Olympiens,64555542,5004,15,4
3393,Blood+and+Sand,2463506,180,1,41
4220,Chim%C3%A8re,6402270,610,6,23
4629,Renaissance+des+Sombres,247045728,19592,80,1
4963,AS+Spartacus,213322174,16417,37,2
5163,Gold-Oracle,765148,63,1,48
6234,les+Achilliens,592678,49,2,55
6369,%2A+Xeniteas+%2A,26737024,2551,43,9
7360,isis+rem,5420583,400,1,25
7613,SEBHARIBO,371950,35,3,62
9666,Union+Fortifi%C3%A9,3384978,248,1,34
9741,Hyperborea+Sans+Fin,17787951,1415,5,12
10229,La+Table+Ronde,22156274,1771,12,11
11190,Club+Wanadoo,268953,57,1,65
11427,%2A%2A+Corsaires+%2A%2A,9971587,741,2,18
11534,Le+Clan+des+Sages,14520944,1091,5,15
11887,GREPO+SOLO,3972766,378,13,29
12541,coucou+c%27est+moi,9206851,688,1,19
12645,-%3DOlympus%3D-,4957980,376,2,27
12897,VI+-+INVICTUS+-+MMXVII,3264992,240,1,35
13109,La+Terrasse,17895,3,2,90
13387,Carr%C3%A9+Manchot,1167872,121,1,45
13511,L%27Odyss%C3%A9e,7160956,551,2,21
13530,Neutre,23611810,1779,4,10
13738,A+Flo,296316,37,1,64
13860,Claymore,7430590,560,1,20
13938,Phenix,47502851,3791,7,5
14500,La+horde+d%27or,27432,2,1,87
14568,Le+Serpentaire,6997075,594,1,22
14615,P+E+A+C+E,3946990,298,1,30
14643,LES+VIEUX+DE+LA+VIEILLE.,3699178,307,2,32
14644,Amorphis,3231250,258,1,36
14655,Tousencamion,4674433,358,4,28
14828,GA+XX,238787,18,3,68
14892,Rantanplan,3701616,325,2,31
14939,Pas+plus+bas...,228,1,1,102
14962,Les+Hoplites,3216141,255,2,37
15039,LES+MAYAS,12318817,1084,4,17
15052,SG.1,678391,73,1,52
15098,le+ph%C3%A9nix,3207261,332,4,38
15130,Band+Of+Brothers,15784262,1272,5,13
15188,Irr%C3%A9ductibles,14706439,1114,6,14
15207,teamgers,2513853,188,1,40
15247,belgica,79334,17,1,77
15265,melni+sans+fin,609155,56,1,54
15274,FORZA+BRETANIA,250773,31,1,67
15309,Les+fr%C3%A8res+d%27armes,1387403,122,2,43
15323,Solo,1446732,117,1,42
15359,Dragons+Force,13492612,1116,20,16
15378,les+disparus,254244,30,1,66
15382,Pays+du+Silence,5502512,409,1,24
15400,Elise,755906,87,1,49
15447,shadow+of+sparta,223272,20,1,70
15458,my+name+is+nobody,651349,57,1,53
15465,Cocorico,548060,45,2,57
15477,POUR+LE+FUN,587619,51,1,56
15486,LES+BARBOUZES,843446,112,3,47
15513,Lusithania,1124216,94,1,46
15518,VALENTIA,124336,13,1,73
15521,Les+Pieds+Nickel%C3%A9s,3126003,278,9,39
15525,CHAM+MB1,82296,6,1,76
15541,feur,125303,17,1,72
15545,terra+nostrum,73768,12,1,79
15548,Gardes+Forestier,386719,41,1,60
15559,Force+et+robustesse,746198,57,1,50
15567,Les+Chalors,467791,42,1,58
15573,en+solitaire,390285,39,1,59
15576,Europa+libre,226028,26,2,69
15581,Toulousain,49497,6,1,84
15585,RAINBOW+SIX,5273386,396,2,26
15588,Jo+jo+76,90326,9,1,74
15589,Vengeance,76565,12,3,78
15600,Fr%C3%A8res+de+la+C%C3%B4te,8173,3,3,95
15609,-%3DLes+fils+de+Ragnarr%3D-,51671,7,1,83
15624,S%C3%A9quanes,64225,11,4,81
15639,Empire+romain+d%27orient,56932,9,1,82
15642,ugyfydtd,11167,4,1,93
15644,Guerre+et+Sagesse,42673,7,1,86
15649,Auld+Alliance,11184,2,1,92
15652,ALTZAYA,1507,1,1,101
15654,%C3%80+la+Retraite,4867,2,1,98
15655,Soloooo,20893,5,1,89
15659,%2A+Solo+%2A,333233,33,1,63
15660,Lez+Hyst%C3%A9riques,82917,12,1,75
15664,Bim+Bim+Bam,68243,8,1,80
15665,Por+la+vida,202269,31,2,71
15666,Ligue+de+D%C3%A9los,1387341,115,1,44
15667,%2A-l%C3%A9gionellose-%2A,47499,7,1,85
15669,Hommage+%C3%A0+couscous+15,3441802,270,1,33
15670,bedoul,5505,2,1,96
15672,PALAS,379347,80,33,61
15675,Duo+vs+Squad,5169,2,1,97
15676,Qhatborh,22027,7,1,88
15678,Kylin,17743,5,1,91
15679,Gina55,2337,1,1,100
15680,Killing+Joke,9927,3,1,94
15682,Chez+moi,3503,2,1,99
15684,-+L%27Hort+de+las+Fadas+-,707137,60,1,51
