849093988,Pri0xx,625,42660,377,6
3792931,DSF+Niby,,977,488,1
781488,jugui,15687,11383999,15,840
849108826,Azala207,,0,515,0
849102309,AresCool,15665,197819,315,23
2497651,crdu72,,0,517,0
4301687,totomoha,15672,1407,473,1
849003182,Clade10,6369,187280,317,19
849105783,Ganorzek,2797,6421,430,2
849104179,Guildebruck,6369,8409,425,2
849084709,Samsam,15589,37329,384,6
849054970,Scribe,15672,13627,416,3
849109431,Ttlegrand,,1287,477,1
849109406,Napoleon17081752,11887,1452,471,1
849056240,calistaWAR,,0,516,0
849098926,Justine,6369,73021,357,7
849060950,Ttinair,15672,1760,462,1
849108036,Spyc1cal,,527,498,1
4897404,Fa%C3%AFdel,15672,2234,453,1
4895054,pastisricard,10229,559918,256,46
1470129,Saint+Achille+Akhilleus,10229,82293,350,8
2391736,MEGA+LORD,,0,521,0
4544980,king-one,15672,3600,442,2
849106953,MVS89,11887,10106,421,3
4910149,bionana,15672,20018,407,4
3366852,rolando1,11534,4529958,98,333
4161692,hareng+sort,,1070,480,1
849096983,Strobopop,,221,504,1
849109131,guest-a74716b70020459295,,0,518,0
849097145,Ar+Ankou,2797,2261,452,1
849094979,Jaemsdu82370,6369,41328,380,4
849063757,Tetsuo69,15672,1017,484,1
849085582,derbantin,15521,340226,288,30
4416740,JAILOO,15359,22132,404,4
849073280,MAP54,6369,7733,427,1
4247039,jijitobaba,14939,228,503,1
849103375,JIMINI,15672,782,493,1
849081800,Luxurius,15600,10676,420,1
849109495,popof,15518,509,500,1
849089235,Prince+Clem,15672,3541,443,1
1092993,SALAMANDE,2797,2866,445,2
849108692,Electre,,1512,469,1
849065764,laulau51,,0,520,0
849109590,Mano51,,463,501,1
848963127,SILVER6299,15672,16472,413,5
195585,philou62,4629,5291123,78,395
849091702,rosar45,15672,995,487,1
848936177,marsiud,11887,460976,274,76
1310678,have92,,0,519,0
335335,taxi72009,469,4905922,86,432
849109457,Thompus,,221,506,1
849070442,solei,4220,17848,411,3
848946367,benuche35,15274,262149,302,32
3564122,Aspiii44,,0,514,0
849082607,Utaelu,15682,33450,387,6
849039453,frederic94,15672,1414,472,1
849079470,mans31,6369,235576,309,18
849109203,Eldesperado,,1229,479,1
1888010,legion95,13530,10124731,19,741
849107805,sasori13127,,413,502,1
1383865,hemdall,15672,2290,451,1
849107460,Rootwood,15672,956,489,1
177982,Asclepsios,4963,4554295,97,333
454117,Brochet38000,4629,5190897,81,463
119662,thyn,15672,2425,450,1
848938194,marcob1,15525,98418,343,11
1425420,gina55,15679,4390,438,1
849109494,Goudurix,15359,1540,467,1
849098767,ShaYan%C3%86,,1046,482,1
849099535,Guerveur,15672,1286,478,1
849004488,Adriana,15672,53313,373,10
849104429,Rayvar,15672,1853,459,1
849101076,youngboss,,197,509,1
849100743,Manaim,15655,30810,391,5
849101693,Solivagant,4963,195355,316,19
2599009,batata1978,15672,1385,474,1
849096570,rico011,14655,25229,398,4
1320435,Hiram+Abif,13109,175,510,1
849103668,Anthony+2026,15672,23141,401,4
849102549,CBB39,15359,2760,446,1
1842266,Touifi,15548,425030,276,41
848980639,demo340,4220,860,491,1
1542840,henrick69,15359,54192,371,6
849108909,Verbalisator,2797,5040,436,2
848961428,houlai,15672,718,494,1
849106617,Troupsi,15672,1544,466,1
849109427,Laetitia+39,,529,497,1
849096521,zenit031,14655,25645,396,4
2564622,drattoc,7613,379596,281,32
3525673,nene194,,562,495,1
849094802,Espadon+Fougueux,15624,38162,383,3
657934,Kloter,11887,1045,483,1
849108815,Domtorreto09,,511,499,1
849104496,Marvinus,,542,496,1
849103149,jacknapadi,11887,20805,406,3
4820234,caeron,,890,490,1
849061643,-hpfer-,15576,62032,365,5
849080538,Minifreee23,15378,1531,468,1
3589514,Le+Gitan+65,15672,1344,475,1
849008869,Serquand,,175,513,1
849102187,centurion02,11887,2601,449,1
849027367,Particella+Q,,175,512,1
849054895,kiezer,6369,93351,345,9
849109170,Julien300,,175,511,1
849109068,Moii,,204,507,1
849033011,lutsu,15654,5515,433,2
849100862,Lempicka-4,2568,14478,415,2
688467,victor+newman,2797,9145700,28,689
848985825,miltiade68,15672,140372,332,14
849101797,Gedeon29,15624,24133,400,4
848883365,Aegidius97,15672,197,508,1
848953976,Ath%C3%A9na%C3%AFs2307,6369,1983264,166,152
849048602,Sebio,6369,114699,336,15
2567659,rachon333,15359,42712,376,6
1922799,Val+Can,15659,503875,267,45
849107234,mallauryhecq,15672,3089,444,1
849101386,V%C3%A9g%C3%A9ta89,15359,29527,392,4
999346,chipiepingping,15672,1954,457,1
849104368,rflupke,15672,2154,454,1
849107994,VengeurSageGalor21411488,15672,1778,460,1
849107865,HiverKlhjjgkhfjfdkg25025,15378,1014,486,1
4777266,Eniotna,15672,22209,403,5
1905875,lauteret,4963,7351803,50,618
849008149,KiraOmbre,4629,607618,251,62
1013305,vicky2000,15545,77053,355,12
3443166,NWAWS,15660,166757,323,19
3745681,Kotani,15664,75866,356,8
215977,arnaudbernier,6369,64410,363,7
849099332,Flonaldo,15672,4685,437,2
848939278,Sancti,15672,1340,476,1
848891892,Mocen,2797,9532,423,2
1393972,IMITH,4629,2245766,153,210
1324486,neohector,,70133,358,8
1650239,MnouMomo,625,14310115,3,1054
849107174,raf54paf,15672,1644,465,1
402207,rel87,3393,2511807,144,184
849103794,Shyarlie+Enora,,91860,346,11
849079995,urka,11887,53864,372,4
2449294,TexMex,6369,1342889,192,111
1110287,ToKing,6369,150916,330,16
849085513,watsolmes,15521,223663,312,24
4388585,Finduilas79,11534,117084,335,20
849082762,esisteban,15521,347896,285,32
1416438,zeushercules,14643,3643,441,1
849052930,eric+9865,7613,11276,417,2
849097642,Larmurier,15589,6953,428,2
849106135,Suerte80,,6281,431,2
849043944,Ptahotem,,1945,458,1
263677,esmheralda,4629,9250654,27,687
1357735,Mankao,15672,20987,405,5
683056,fouding,15359,307944,291,35
849109617,Surtalogy,,221,505,1
1110109,hadessamafr,4629,4486558,100,329
2013273,Malraux,2547,3743321,116,273
1717618,snackiller,6369,768701,228,61
2662534,Dezza,,2626,448,1
848896550,papimouzo,6369,182304,320,19
933437,kids84,15672,2133,455,1
849106007,Pochita,15359,31704,390,6
849023877,Alf2010,7613,8855,424,2
849105979,Dedjo,15359,22608,402,5
849044273,noyt,625,558956,257,56
836859,Polubios,2547,9612201,23,701
849086014,Mercedes,15359,342246,287,36
49998,Claymore,13860,7428540,47,560
849100560,BENzo,2797,496696,269,38
4340219,Akasenshi98,15672,1763,461,1
849093785,almasse721,15652,1507,470,1
849105727,kalakrima,15672,2676,447,1
4906644,walacel,15447,224487,311,20
1204859,romainp16,6234,126760,334,14
849053695,TOTO181123,15359,400104,279,42
849055223,dioufy,11887,18057,410,3
849104469,valfrosore,15672,5089,435,1
848921471,jlbb,,1015,485,1
848985403,Sakura1,15672,8323,426,2
4914563,ingridia,15672,5487,434,1
848906341,asteria56,6369,530274,261,43
3708223,Corentt%C3%AEn,10229,628049,250,55
618197,For+Poseidon,6369,51975,374,6
1687474,KOUYATE,6369,88707,349,12
4311892,nic0b01,6369,235021,310,28
3753151,cemwamem,10229,128384,333,13
2854603,American+XIII,4629,1054847,211,96
1457157,billloud,4629,571180,255,49
932346,petitbandit,15130,2382579,151,182
189623,dobigny.n,10229,6996416,54,557
849108171,RugissantYfyfttffyf46561,15378,1701,464,1
849096512,titeuf,14655,25274,397,4
849089917,hardpunk,6369,284505,295,29
1371874,LeGrizzly,4963,13709969,6,1000
2937274,Fourtou,15130,3253041,127,297
1773508,Icaredison,4963,7512851,44,554
849082486,Imer19,6369,496862,268,48
848892201,zxr750r,15247,90178,348,17
1911590,Hawkmoon269,4629,4564543,96,333
380152,crazyfilou,625,4991396,85,389
4462566,gros1919,15672,10699,419,1
849052039,mako1,11887,1716,463,1
1785685,nicolas+D1,15678,42566,378,8
849090540,Chatouilleur,4629,659701,244,49
1948293,jyulandoli,4963,685030,241,75
4072513,Prestro,9741,7413903,48,541
849104746,lkhlgkjgkgkjglh,15600,5642,432,3
1790666,aladin630,4629,1030305,214,121
849032312,Jerem+le+conquerant,15309,1283680,197,109
4443132,Dom030567,2568,68580,359,5
848918202,Lea666,,246888,307,18
1917871,03jules,15359,101921,341,14
849109589,Elisabetheu2.0,,1068,481,1
38740,NOREN,4963,5483398,73,404
848308,squalerik,4629,337090,289,41
3884410,SanofiAventis,4963,6932757,56,605
849103529,kevin3115,15672,110920,338,19
948379,Metroid67,625,8363773,32,621
169058,arnaud49,15098,274909,298,24
1886309,Lapo%C3%A9l%C3%A9sos,15521,548927,258,46
1488647,willydu61,4963,11855049,14,868
788545,germaine136,2547,6948245,55,522
3935316,Lutti389,15672,161117,326,17
1189933,PILOU95,4629,2061783,164,187
3053728,Titofff,2797,14595970,2,1065
3222309,bissaquine,2797,419322,278,38
3996065,Ktek,15672,56382,368,6
1298422,Maureen881,469,107310,340,13
1942137,Wohjing,4963,8158131,35,596
849081216,topilouf,15521,505572,266,42
1688629,Cap2matxo,4963,5349887,76,410
163574,Parandus,469,10026402,20,754
848940660,Afreu,4629,940612,220,113
849093005,Dallas2.0,6369,159697,327,23
4328865,Emrys1597,11887,270235,300,27
1931319,marseillais02300,4629,4362853,101,389
1343843,gabare,15585,2418502,149,182
849042809,ymt16735,4629,1348788,191,99
370615,Sir+Guingamp,15559,878307,224,65
1412613,kyanos,15039,3769625,115,323
849082391,F%C3%A9line75,15589,39686,381,6
1144513,titi+999,4629,528930,262,45
604154,lalouve66,4963,4618381,93,339
4510872,Jule32,,58957,366,9
849105609,Dark+Ga%C3%AFa,15672,18375,409,4
1867727,coup-mouss,11534,5136949,84,375
4242043,fautvoir21,15265,631315,246,58
1681513,matlili3,13511,2439372,147,194
849100095,TonChat,,109672,339,11
4826087,jogger,469,45970,375,9
3531872,jordalyne,11534,381088,280,41
849052902,justo64,15518,144380,331,17
849094304,Tchoopolis84,6369,4382,439,2
835941,miloco,15672,6830,429,2
4365139,MisterBack,15624,828,492,1
1936143,STEP59,4963,7598035,41,591
3533984,Thorgal25,15039,1225614,201,99
849086557,Ratatouille17,15573,424423,277,41
848926174,Fla57320,11887,27432,394,2
1059637,Lillusionniste,15130,3935013,110,296
4536002,jefflomme,15188,5684311,70,418
849081933,Furyia,2797,262068,303,26
4906567,MissLazu,6369,3627720,120,311
4735017,Brakus,14828,79507,353,6
4892836,shelby80320,,699460,236,63
2094801,tueur+5,4629,728158,232,57
308035,jejebabi,625,8016170,36,585
722826,miles438,4629,5372590,75,394
2344908,Mrmonsteur,15672,2107,456,1
849070468,BETTYBOOP,15486,216062,314,32
483014,totor777,4629,4313051,103,373
228407,Dexir,4629,2531857,142,220
26267,titou38,4629,4138173,104,339
129433,pollux38,4629,12905232,9,945
2573526,Alfred78,4963,3792251,113,290
4866910,zeusb007,6369,259001,304,32
2095648,Mitsumasa+Kido,4963,5139716,83,376
4081018,pataplouf33,15672,9635,422,3
2277926,furibond,15359,281576,296,35
471045,OM76,11427,3347407,124,247
4918537,HellRaiserT,15672,93582,344,11
186193,MICHELBRU,4629,7033989,53,519
1752698,ricox21,4629,4074011,106,357
1518052,R.L19,4629,1341789,193,123
3672868,Phild65,4629,1473481,185,115
849102483,Kenshicarus,4629,324707,290,28
1176796,bedoul,15670,11123,418,5
4910143,Carthagenus,15666,1480177,183,121
20587,alyriam,15359,33056,388,3
1356374,kaisersos%C3%A9,2797,2406626,150,202
4070907,florianh89,10229,701378,235,60
3204869,Bentow,4963,6721126,59,598
419305,belleamour,12645,4668082,92,348
848942967,peric113,2797,4884841,87,427
1400875,Spip,2797,12700961,10,926
849062858,Charlemagne59,2797,2424137,148,179
849038422,Aion,4629,2173491,157,168
3225221,Gusgui27,15672,41943,379,8
848960763,john03140,4629,694592,238,66
1986254,ugis,2797,1175720,205,124
1059963,KFAB57,4629,5697840,69,421
252582,Elyk,6369,300455,294,25
1090555,Dargun,4629,1183844,203,96
849090507,Hydre4654,15188,155312,329,15
848947799,loumos,11887,1172349,206,89
677642,boum164,625,6670418,61,495
1722479,Hugov+Ier,14962,2318422,152,180
238624,den71,5163,773560,227,65
1843936,Ath%C3%A9na450,15644,57220,367,8
1919067,Eeth-Koth,2797,4589132,95,413
53068,politesse,469,7579950,42,553
848948620,doudoupremier,2797,187007,318,29
1786558,bois-colombes,4629,13070577,7,955
1944560,Leglandeur92,4963,9476869,25,692
849072951,emy+sterre,15458,707035,234,61
849102664,H%C3%A9rodote,15680,18831,408,3
1709892,Kervador29,13938,9044950,29,660
4645712,steve.0,15207,2617667,139,199
849085454,nicoLeVoyageur,15521,379413,282,33
2132044,Konstantou,4629,1815636,174,159
849081089,kikidou,15521,547088,259,47
4067667,benzoni2015,4963,1883815,171,220
849054056,Britanian,4629,2138097,160,157
849046108,Hinuir,2797,1455651,186,116
613830,joebix68,4629,14966329,1,1094
931863,isabellacity,6369,744185,229,105
2075244,donjon28,4963,1762992,177,202
920053,CIRE72,,12236959,12,897
453332,napoleon17,15585,2986625,132,224
681046,mongeneral,625,2163128,159,218
3566015,kikoo5937,15639,91531,347,12
1612962,xxhatchepsoutxx,4963,7569144,43,567
27574,pypo,4963,7963418,37,582
793147,gaulois99,11887,1382329,189,107
848953153,BRUNO44000,2568,114289,337,19
3534158,Kenzo139,15039,4098051,105,381
4524352,HELIOSPARTOS,4629,5263360,79,405
3875018,soupepekinois,15359,432659,275,40
849055850,foufalo,11887,67935,360,7
849044365,Mr.Reese,15672,33946,386,3
3673902,aurore-rose,15400,774946,226,87
2236124,titi67d,6369,1712781,178,176
2488129,lafteur,12541,9258796,26,688
4098162,ZORBECLEGRAS,13938,7684833,40,567
1687361,ggdm1,2568,10198649,18,749
80931,neuneu,6369,1086447,210,100
3349595,THIERRYY,14568,7061625,52,599
276734,benanto81,4629,2513919,143,184
4099390,vincent4611,4629,1097165,209,120
849074312,Tupinor,10229,240405,308,19
690100,Edouard1965,15188,4351087,102,332
1264574,fifou17,13387,1171172,207,121
37071,rococo,15581,64882,362,8
3365763,stephoss,4629,961471,218,117
1001813,florent+u,15359,342900,286,25
2598201,minotaure08,4629,13895314,4,1040
849080252,V20B10,6369,101155,342,14
4849442,barcus64,2568,7742711,38,565
849105468,M+el+matador+m,15359,39552,382,9
849095521,HKator,,250340,306,34
848881547,Azelma,14892,1953446,168,195
756988,laraindiana,15052,691254,239,75
805555,koco57,2547,6705368,60,492
1087174,alph%C3%A9e50,11427,6818260,57,502
2684235,kaloula,4963,7454065,46,546
849080334,Klargus,4629,506075,265,49
204546,fabien59940,4629,2879833,134,230
421488,Mythriomid%C3%A9e,14962,989452,216,78
849074365,Eejil,4629,698803,237,75
849004361,nipoune,4629,734082,231,61
252312,titeuf42,6369,5298297,77,390
1848963,bool2,625,8161309,34,597
100175,kehops65,4629,1255077,200,111
3539110,Boozky,15039,3566857,121,313
2928748,reexana69,15130,2597450,140,236
2304678,aazeva,4963,2065230,163,152
1762376,dedel03,4963,11905992,13,873
849073982,Arnakos,15465,278497,297,21
4657385,BrEwArDe,625,5199882,80,478
1487209,marc71,6369,894908,222,96
2355421,JeanXXIII,15359,29279,393,5
1218186,Niels+de+Hecke,14500,27432,395,2
415017,gatouille,4629,4734294,90,351
274075,dede59,4629,1179326,204,86
615329,shaka783,4963,7458596,45,544
1295601,Themodocle,10229,6560808,62,482
849070568,BEBEL64,4629,737707,230,89
849104356,Support,15676,63134,364,14
848995358,loup1,11887,306805,292,27
1349118,CHULAK,14643,3778105,114,311
4835577,pourtales,6369,468951,272,81
4409002,gege824,4629,5791021,68,429
849057437,SPQR,15486,630569,248,60
4599724,Amphitrite1234,15513,1212114,202,100
849089248,Niwak,15684,901548,221,68
1057486,nono+man,15130,3985946,108,291
849076816,Johnny24,4629,687156,240,65
4145102,Olimpia25556,6369,1869346,172,231
1865707,Mornat,15382,5564858,72,415
2393312,valentinF62,13938,2580572,141,221
219118,Mac+DUFF,15309,179943,321,18
3216810,elgnoy,2797,1395128,187,125
1165275,ntct,6369,4319,440,1
848958119,SOSOMALAUSTE69,15098,957998,219,106
570985,lemort39,4629,719350,233,63
1888072,patatoch73,13938,12606729,11,924
849037647,NovaAmethyst,15359,675362,242,58
849101826,Triphasor,15359,31840,389,4
2244628,alcunni,10229,2179947,156,161
1971247,Rand+le+calme,625,13026547,8,950
4321787,Citymen,6369,1800752,176,186
1074959,Karpaty,4629,3984834,109,301
848883684,Pyre,14892,1815686,173,133
1996188,U-96,15359,1264751,199,162
849071162,tipakusaugustus,2568,576716,253,52
1901857,olive1967,4629,1318416,194,108
923982,gibus03,4629,6439956,63,477
849083819,Perseus+Ier,2568,637850,245,55
53637,kikiver,4629,3661341,119,286
1970472,Drakkar33,2568,13776361,5,1006
1597646,Goulati,4629,1498758,181,112
2247524,totola2,4963,1387615,188,113
849102465,ditexolop,15665,185895,319,19
1303533,gbsd,4963,2791636,136,209
3123223,le+poulbot,15359,3677411,118,357
2635446,nonovitto,15098,630936,247,46
4827798,anzz08,4220,463168,273,36
4311089,LEXXUS+GA,14828,79669,351,6
2446140,Le-cand,15359,55316,369,5
4625531,Starwars76,15323,1560410,180,123
1725762,basketteur222,,54192,370,4
98182,likiki,15567,533984,260,50
4907536,natilou,10229,2507392,145,237
1208925,Yggr,13938,8859802,31,891
849082285,Biditchoun,15541,164131,325,21
849081780,piol,2568,156573,328,13
633613,Phil83,6234,507492,264,37
35324,H%C3%A9ruur,4963,893608,223,66
11369,fonfon65,14655,4691802,91,350
351606,lefossile,4629,970749,217,78
917480,COBRA97,4963,3928588,111,374
760457,Macxa,14644,3278230,126,268
1414366,Sanmark,11190,270390,299,57
648290,Cyparis,6369,24381,399,3
996607,bidouille94,4963,10666075,17,779
4892162,Layla29,4629,1291152,196,125
755346,axel666,4963,9591056,24,722
3582890,-k100dre-,12645,356846,284,35
140759,TheDonz,469,2867405,135,277
2585558,02INGRID03,469,1810140,175,168
849027477,tonybelga,15576,169505,322,22
4471734,yyrkoon41,4220,2165653,158,222
4518813,fontaine14,13530,587171,252,47
2210326,lorieataquante,2568,3193034,128,236
849094296,Rafalou,11887,266475,301,39
4888320,Gladiadus,4629,2245211,154,179
849104701,KroKKiKrok,15521,35336,385,6
2874414,Perraudeau,10229,2083403,162,177
2102283,zidane1998,6369,1029046,215,76
4924595,manudouguet,15098,1473814,184,164
849082462,siouxsoune,15521,513052,263,46
4740559,merithaton,2568,79069,354,11
1062653,papaluc,625,6037395,65,524
849001395,LordBananas,2568,165800,324,20
3999499,Lirce,9741,5175927,82,380
1298963,LePiou,4963,6394161,64,485
109430,Cinthus,15188,15783,414,2
4881217,Moringa,469,3438980,122,259
1317333,djney,4629,1675160,179,138
1213626,galix14,4963,1910911,170,156
1901715,doville+76,4963,8205226,33,681
727881,manu.39,4963,5869456,67,431
4211777,Herm%C3%A8s+Ail%C3%A9,4963,4766386,89,360
2838139,raiy,15477,628158,249,59
848911564,REALITE,14828,79611,352,6
1921919,campa,15188,2096785,161,171
849079985,dakaz76,4629,1271991,198,94
849079748,Balteus,4629,571901,254,57
848958218,hdfxd,6369,1311081,195,140
1068877,Vansdethi2,4629,494064,270,45
2281111,dede67140,4629,1363120,190,105
1933171,lgd72,13530,9890231,22,722
448810,ANDREABL,4629,3716456,117,328
215238,Minot-taure,4963,2013383,165,161
3536438,Fuzitsu,15188,2931355,133,216
1013556,joel53,7360,5474200,74,404
848893587,danylou,13938,2730744,138,240
698008,etho91,13938,4491553,99,329
849073804,Alastor.,4629,836448,225,78
848997568,Lusiris,4629,1964858,167,153
673697,smoon,4629,1916300,169,177
3109300,Isohypse,469,370769,283,51
4055546,El-Tiburon,11534,4592301,94,339
849081564,Julien2485,469,222029,313,23
322489,BARONBOB,4629,2474905,146,318
849055848,chienrage,11887,67604,361,7
3532752,Ezeldriin,4220,2779199,137,272
4336058,stamod,12897,3279494,125,243
1196984,TantanMeignier,4629,7124703,51,520
463299,jessyblanca,4963,254452,305,27
1464164,brynner,4629,3186638,129,282
1788347,rnycbb,9666,3398923,123,250
2905500,PW67,13738,301821,293,37
2267056,nenette74,9741,491647,271,69
1320507,Boomerang33,13109,17331,412,2
672849,TORRADO,4629,2194111,155,215
405626,aucha,2568,1035009,213,86
4789409,Lek76,14615,4058723,107,306
1333767,dylme,4629,666195,243,81
1360246,Musslin,625,3918710,112,305
1061020,michevel,4629,8986620,30,656
52749,SilverMattof,4629,1484396,182,111
911835,eivlys62,9741,3162646,131,290
2428871,target-53,4629,1108124,208,97
606842,franck56700,4629,5656039,71,425
1440215,kk5757,2568,7697904,39,567
2827222,spartacus2ab,13511,4852732,88,364
359242,jo120592,4220,1054283,212,85
4668157,saucin+luc,13530,3164699,130,280
4061524,heimst,4629,7371068,49,553
1891588,civodul214,2797,10012219,21,736
3288880,Christosilides,,5947324,66,444
3103606,dumer,625,6774232,58,515
4241711,Mistigris92,4629,11076927,16,810
