849106098,Ath%C3%A9nouille,,528,502,1
3220555,cuddly,,0,521,0
4301687,totomoha,15672,1268,481,1
849020486,COCO61,,1227,483,1
849104496,Marvinus,,0,525,0
849104179,Guildebruck,6369,7530,429,2
4883879,toctoc,,1070,485,1
4416740,JAILOO,15359,19230,404,4
4247039,jijitobaba,14939,228,508,1
848921471,jlbb,,993,487,1
848936177,marsiud,11887,459302,274,76
849106308,guest-0ab94a8caeb44c2f9c,,0,523,0
849105783,Ganorzek,2797,1858,463,1
849097145,Ar+Ankou,2797,1287,480,1
849054970,Scribe,6369,13627,413,3
849104203,cosette,15672,6731,433,2
849003182,Clade10,6369,165248,323,16
849070442,solei,4220,17129,410,3
849106451,guest-a25a5538c1644acaaa,,0,524,0
4169431,boccarossa06,2547,463636,271,46
849102309,AresCool,15665,158356,326,20
849081800,Luxurius,15600,6541,434,1
849107715,Deus,,527,503,1
849106953,MVS89,11887,2717,452,1
1470129,Saint+Achille+Akhilleus,10229,82257,354,8
3222309,bissaquine,2797,355372,286,34
848946367,benuche35,15274,258182,304,32
4910149,bionana,15672,2071,461,1
4897404,Fa%C3%AFdel,,0,522,0
849084709,Samsam,15589,35199,387,5
849093988,Pri0xx,625,9805,424,4
848963127,SILVER6299,15672,5315,437,3
849096983,Strobopop,,221,510,1
849098926,Justine,6369,57921,369,7
849100560,BENzo,2797,379584,281,30
849094979,Jaemsdu82370,6369,38942,384,4
849073280,MAP54,6369,3718,445,1
849089235,Prince+Clem,15672,3270,447,1
849004488,Adriana,15672,31374,391,7
2013273,Malraux,2547,3728390,114,272
849067484,Mungu,,175,520,1
4500678,putolis,,573,495,1
849101797,Gedeon29,15624,17996,405,3
849106414,Omar,,197,513,1
849107113,eclesias,,1625,469,1
849107112,Oposaum,,1834,464,1
85748,ashtar,15685,1469,474,1
4895054,pastisricard,10229,478670,268,42
849085582,derbantin,15521,332270,289,29
695382,mevela,,0,526,0
3525673,nene194,,565,496,1
849106265,ZerKhoS,,197,514,1
849100749,Darksnows2507,6369,4711,439,2
848938194,marcob1,15525,89735,349,11
849101693,Solivagant,4963,130576,333,12
119662,thyn,15672,2118,460,1
1842266,Touifi,15548,402077,278,41
849033011,lutsu,15654,5159,438,2
849100743,Manaim,15655,27957,394,5
849096521,zenit031,14655,22556,400,4
849107425,Fatim+de+Bylcs,15309,542,500,1
849082607,Utaelu,15682,11983,417,4
849107704,Hunyadi1,,175,518,1
849094802,Espadon+Fougueux,15624,36405,385,3
2564622,drattoc,7613,367036,284,32
4820234,caeron,,876,489,1
335335,taxi72009,469,4887337,86,428
849057623,canard29870,,1598,470,1
849107398,Hyck,,175,519,1
77121,helevi,,1262,482,1
1542840,henrick69,15359,39031,382,6
848953976,Ath%C3%A9na%C3%AFs2307,6369,1944295,167,150
848985825,miltiade68,15672,113628,338,12
849102187,centurion02,11887,2541,457,1
849103668,Anthony+2026,15672,17444,408,3
37071,rococo,15581,56291,370,6
849103149,jacknapadi,11887,14763,412,3
849107147,Jaoct,,585,494,1
848883365,Aegidius97,15672,197,511,1
849079470,mans31,6369,184209,321,14
849100910,guest-cdd373291d434f05b1,,175,517,1
849103435,Sans,,7073,430,1
849082897,Timinho,,545,499,1
657934,Kloter,11887,1030,486,1
849107237,Mathleo,6369,1381,477,1
849082486,Imer19,6369,457630,275,46
849054182,Blakyllex,,4319,443,2
4859301,zankyx,,243,507,1
849102526,DeL-Ba,15359,17644,407,3
849107935,Weky,,690,491,1
1888010,legion95,13530,10098193,19,738
849106617,Troupsi,15672,1544,472,1
577906,Robdumo,,532,501,1
3843299,kloter+sans+terre,,645,492,1
1320435,Hiram+Abif,13109,564,497,1
788545,germaine136,2547,6930960,55,522
849100862,Lempicka-4,2568,11968,418,2
849096570,rico011,14655,22503,401,4
849107381,K4esseMAzz,,197,512,1
849039453,frederic94,,1201,484,1
4638190,MaxInf,,497,504,1
1156630,djarial,,175,515,1
1425420,gina55,15679,3265,448,1
849107805,sasori13127,,413,506,1
849054895,kiezer,6369,87038,351,9
849061643,-hpfer-,15576,62032,366,5
849105388,SanFin,10229,3095,450,2
402207,rel87,3393,2463506,146,180
849102549,CBB39,15359,1412,475,1
849107460,Rootwood,15672,625,493,1
849057566,Kuruha59,15378,254244,307,30
849064493,steav,625,67762,363,18
849107865,HiverKlhjjgkhfjfdkg25025,,830,490,1
849082762,esisteban,15521,336250,288,31
189623,dobigny.n,10229,6979010,53,557
849052930,eric+9865,7613,10373,423,2
27574,pypo,4963,7900491,37,580
688467,victor+newman,2797,9050070,28,683
849103794,Shyarlie+Enora,6369,59897,367,8
849107234,mallauryhecq,15672,1569,471,1
3745681,Kotani,15664,74257,359,8
849104368,rflupke,15672,1748,465,1
2567659,rachon333,15359,42712,381,6
53068,politesse,469,7554482,42,553
849105979,Dedjo,15359,11221,420,3
3539110,Boozky,15039,3497158,121,306
849101386,V%C3%A9g%C3%A9ta89,15359,28087,393,4
1357735,Mankao,15672,5459,436,2
1324486,neohector,,64886,365,7
999346,chipiepingping,15672,1356,479,1
849102483,Kenshicarus,4629,237484,310,22
849048602,Sebio,6369,101758,344,13
849079995,urka,11887,45272,378,4
2449294,TexMex,6369,1331905,193,111
849106135,Suerte80,,2357,458,1
1110287,ToKing,6369,146749,329,16
1867727,coup-mouss,11534,5127039,84,375
849107174,raf54paf,15672,1404,476,1
849085513,watsolmes,15521,213275,317,23
849099332,Flonaldo,15672,2559,456,1
1078024,le-tite,15649,12989,416,3
849097642,Larmurier,15589,6807,432,2
849086014,Mercedes,6369,311309,291,33
1717618,snackiller,6369,721773,230,56
849008149,KiraOmbre,4629,604687,249,62
3366852,rolando1,11534,4527758,98,333
4777266,Eniotna,15672,10674,422,3
848896550,papimouzo,6369,141950,331,17
3053728,Titofff,2797,14502758,2,1058
4388585,Finduilas79,11534,108538,341,17
683056,fouding,15359,307944,292,35
849023877,Alf2010,7613,8782,427,2
1393972,IMITH,4629,2230904,154,209
1013305,vicky2000,15545,74483,358,12
2662534,Dezza,,1658,466,1
1416438,zeushercules,14643,2332,459,1
3443166,NWAWS,15660,113213,339,16
849068826,FrostZone59,,175,516,1
849106007,Pochita,15359,11875,419,4
4420818,Focuuss,,470,505,1
215977,arnaudbernier,6369,57973,368,7
2418674,ludoworld,,221,509,1
848891892,Mocen,2797,9064,426,2
849044273,noyt,625,554892,257,56
4914563,ingridia,15672,5487,435,1
848906341,asteria56,6369,501666,263,41
1687474,KOUYATE,6369,86898,352,12
849104746,lkhlgkjgkgkjglh,15600,2565,455,1
1911590,Hawkmoon269,4629,4539114,96,331
849093785,almasse721,15652,1507,473,1
849096512,titeuf,14655,22650,399,4
1785685,nicolas+D1,15678,33730,389,8
263677,esmheralda,4629,9163334,27,682
849101826,Triphasor,15359,22489,402,2
3708223,Corentt%C3%AEn,10229,619192,247,55
848308,squalerik,4629,321930,290,39
849032312,Jerem+le+conquerant,15309,1223663,201,104
848892201,zxr750r,15247,83580,353,17
849090540,Chatouilleur,4629,586467,252,44
1971247,Rand+le+calme,625,12930108,8,944
849104469,valfrosore,15672,3146,449,1
849105727,kalakrima,15672,2599,454,1
1790666,aladin630,4629,1007435,217,118
849053695,TOTO181123,15359,392687,279,40
1687361,ggdm1,2568,10131623,18,745
1371874,LeGrizzly,4963,13629959,6,994
4812071,oppac,15465,283238,298,24
195585,philou62,4629,5249494,77,390
920053,CIRE72,,12154922,12,892
932346,petitbandit,15130,2373264,151,181
3753151,cemwamem,10229,117656,337,13
618197,For+Poseidon,6369,43430,380,6
722826,miles438,4629,5369930,75,394
4443132,Dom030567,2568,68580,360,5
848918202,Lea666,,246888,308,18
454117,Brochet38000,4629,5155135,80,460
2854603,American+XIII,4629,1044906,213,92
4462566,gros1919,15672,6846,431,1
1457157,billloud,4629,558496,256,46
1917871,03jules,15359,101650,345,14
4072513,Prestro,9741,7413903,47,541
849093005,Dallas2.0,6369,126282,336,18
1204859,romainp16,6234,95946,347,13
849089917,hardpunk,6369,273479,299,28
849095675,Lord+BabSa,15672,1644,468,1
38740,NOREN,4963,5483398,73,404
4906644,walacel,15447,224168,315,20
849055223,dioufy,11887,17949,406,3
3534158,Kenzo139,15039,4033923,105,375
848985403,Sakura1,15672,4637,440,2
1349118,CHULAK,14643,3709362,116,307
4328865,Emrys1597,11887,270235,301,27
1931319,marseillais02300,4629,4362448,101,389
1144513,titi+999,4629,505496,262,40
2598201,minotaure08,4629,13806501,4,1033
4311892,nic0b01,6369,211553,318,24
1059963,KFAB57,4629,5632634,69,418
835941,miloco,15672,3584,446,2
3533984,Thorgal25,15039,1223428,202,99
169058,arnaud49,15098,233250,313,22
849100095,TonChat,,104685,343,10
836859,Polubios,2547,9597741,23,700
4365139,MisterBack,15624,902,488,1
849042809,ymt16735,4629,1308275,195,96
3884410,SanofiAventis,4963,6890974,56,600
370615,Sir+Guingamp,15559,788190,226,59
849094304,Tchoopolis84,6369,3904,444,2
849074365,Eejil,4629,659335,244,67
848926174,Fla57320,11887,27432,395,2
3935316,Lutti389,15672,105742,342,13
186193,MICHELBRU,4629,6965360,54,516
1948293,jyulandoli,4963,637215,245,71
1110109,hadessamafr,4629,4424137,100,329
849081216,topilouf,15521,496912,264,41
2937274,Fourtou,15130,3231455,128,295
1681513,matlili3,13511,2423071,148,194
848940660,Afreu,4629,931090,221,111
849052902,justo64,15518,130020,334,16
4657385,BrEwArDe,625,5140664,81,471
1942137,Wohjing,4963,8106900,35,594
4242043,fautvoir21,15265,618839,248,58
849103529,kevin3115,15672,91136,348,17
4510872,Jule32,,46909,376,7
849082391,F%C3%A9line75,15589,39008,383,6
3531872,jordalyne,11534,372549,282,41
1343843,gabare,15585,2376278,150,178
1886309,Lapo%C3%A9l%C3%A9sos,15521,539290,258,45
4826087,jogger,469,45970,377,9
3996065,Ktek,15672,45145,379,5
4067667,benzoni2015,4963,1851809,173,216
1298422,Maureen881,469,98840,346,13
1786558,bois-colombes,4629,12996196,7,948
849086557,Ratatouille17,15573,407194,277,41
849105609,Dark+Ga%C3%AFa,15672,8243,428,3
471045,OM76,11427,3320369,125,247
4081018,pataplouf33,15672,4630,441,2
1518052,R.L19,4629,1318618,194,120
1905875,lauteret,4963,7303471,50,613
4906567,MissLazu,6369,3627720,120,311
3204869,Bentow,4963,6669700,60,598
948379,Metroid67,625,8328110,32,619
129433,pollux38,4629,12801693,9,939
4892836,shelby80320,,697918,236,63
3672868,Phild65,4629,1439993,186,111
849070468,BETTYBOOP,15486,191307,320,31
1488647,willydu61,4963,11795054,14,861
1087174,alph%C3%A9e50,11427,6728943,57,497
177982,Asclepsios,4963,4550120,93,332
4866910,zeusb007,6369,234961,311,28
604154,lalouve66,4963,4543013,94,335
2094801,tueur+5,4629,715232,234,57
20587,alyriam,15359,33056,390,3
1356374,kaisersos%C3%A9,2797,2395141,149,201
4070907,florianh89,10229,666733,241,57
2095648,Mitsumasa+Kido,4963,5139716,82,376
4918537,HellRaiserT,15672,50199,375,10
849103807,Ishibhuku,15672,2021,462,1
4735017,Brakus,14828,79507,357,6
1936143,STEP59,4963,7570504,41,587
849081933,Furyia,2797,234539,312,25
4910143,Carthagenus,15666,1473858,183,121
849095220,Arrow,625,255901,305,27
2573526,Alfred78,4963,3732618,113,286
2277926,furibond,15359,267441,303,34
228407,Dexir,4629,2524867,143,218
483014,totor777,4629,4288850,103,365
419305,belleamour,12645,4639598,92,346
2344908,Mrmonsteur,15672,1361,478,1
1176796,bedoul,15670,9461,425,4
1650239,MnouMomo,625,14210325,3,1046
849106261,Xylopi,15672,1646,467,1
3225221,Gusgui27,15672,26161,398,5
677642,boum164,625,6624761,61,491
1412613,kyanos,15039,3712768,115,317
849105881,asjokeras,,553,498,1
1843936,Ath%C3%A9na450,15644,52548,372,8
2132044,Konstantou,4629,1676987,180,148
1986254,ugis,2797,1180795,203,124
849046108,Hinuir,2797,1405208,187,113
849097895,ugufydfydfyff,15642,11133,421,4
238624,den71,5163,771049,228,65
848947799,loumos,11887,1159938,208,88
849102664,H%C3%A9rodote,15680,13305,415,3
848960763,john03140,4629,663718,243,63
849081089,kikidou,15521,533741,259,45
252582,Elyk,6369,297626,297,25
849085454,nicoLeVoyageur,15521,369051,283,31
4645712,steve.0,15207,2556680,141,192
1090555,Dargun,4629,1155123,209,92
849105980,Elisabeth,15359,2704,453,1
1057486,nono+man,15130,3963691,108,291
849062858,Charlemagne59,2797,2319896,152,172
848942967,peric113,2797,4826578,87,422
1400875,Spip,2797,12700961,10,926
849054056,Britanian,4629,2033730,164,151
2928748,reexana69,15130,2584899,140,234
1059637,Lillusionniste,15130,3908052,112,296
1722479,Hugov+Ier,14962,2299236,153,180
163574,Parandus,469,9992041,20,753
849032425,porti,,297743,296,38
849072951,emy+sterre,15458,679411,239,59
849038422,Aion,4629,2099720,160,163
848948620,doudoupremier,15486,165048,324,28
252312,titeuf42,6369,5171209,79,378
1709892,Kervador29,13938,9021380,29,658
849090507,Hydre4654,15188,149084,328,15
4536002,jefflomme,15188,5611960,71,412
849055850,foufalo,11887,67860,362,7
2236124,titi67d,6369,1709766,179,176
3673902,aurore-rose,15400,768847,229,87
3566015,kikoo5937,15639,68300,361,10
848953153,BRUNO44000,2568,108770,340,18
1317333,djney,4629,1616681,181,135
1773508,Icaredison,4963,7455540,45,551
2075244,donjon28,4963,1748603,177,201
1612962,xxhatchepsoutxx,4963,7502494,43,561
3875018,soupepekinois,15359,432464,276,40
4098162,ZORBECLEGRAS,13938,7681122,38,567
681046,mongeneral,625,2145985,159,218
793147,gaulois99,11887,1375746,191,105
996607,bidouille94,4963,10585457,17,774
380152,crazyfilou,625,4979443,85,389
453332,napoleon17,15585,2958207,133,222
4849442,barcus64,2568,7662401,40,559
1888072,patatoch73,13938,12567143,11,918
849044365,Mr.Reese,15672,33946,388,3
931863,isabellacity,6369,715692,233,102
2488129,lafteur,12541,9237180,26,688
805555,koco57,2547,6678415,59,491
4524352,HELIOSPARTOS,4629,5180042,78,400
1264574,fifou17,13387,1170199,205,121
3365763,stephoss,4629,930396,222,114
2684235,kaloula,4963,7412220,48,542
849080252,V20B10,6369,88431,350,12
849100288,yfyfttffyfyfyojjiji,15624,16954,411,4
849095521,HKator,,230333,314,32
817684,ito31,9741,1726575,178,153
849080334,Klargus,4629,464971,270,47
756988,laraindiana,15052,684291,237,74
849105468,M+el+matador+m,15359,13344,414,4
4099390,vincent4611,4629,1085240,211,117
781488,jugui,4629,11306861,15,834
849074312,Tupinor,10229,219916,316,19
1944560,Leglandeur92,4963,9415995,25,687
80931,neuneu,6369,1023885,216,96
276734,benanto81,4629,2504085,144,184
1001813,florent+u,15359,301752,293,22
3349595,THIERRYY,14568,7028372,52,597
848881547,Azelma,14892,1941663,168,193
849004361,nipoune,4629,706591,235,60
204546,fabien59940,4629,2879833,135,230
1218186,Niels+de+Hecke,14500,27432,396,2
308035,jejebabi,625,7992955,36,584
2304678,aazeva,4963,2065230,163,152
613830,joebix68,4629,14865556,1,1087
1752698,ricox21,4629,4030903,106,352
1848963,bool2,625,8144921,34,596
100175,kehops65,4629,1224535,200,108
1487209,marc71,6369,894908,223,96
415017,gatouille,4629,4658517,90,347
421488,Mythriomid%C3%A9e,14962,952397,220,77
849073982,Arnakos,15465,273194,300,21
1541120,archerPVP94,15669,3441802,122,270
2355421,JeanXXIII,15359,29279,392,5
1762376,dedel03,4963,11870346,13,873
49998,Claymore,13860,7430279,46,560
615329,shaka783,4963,7458596,44,544
849104356,Support,15676,36246,386,8
848995358,loup1,11887,301467,294,27
1865707,Mornat,15382,5528158,72,411
849070568,BEBEL64,4629,720399,231,83
1688629,Cap2matxo,4963,5308092,76,387
849057437,SPQR,15486,581667,254,57
849089248,Niwak,15684,787725,227,63
274075,dede59,4629,1169761,206,86
4599724,Amphitrite1234,15513,1160458,207,96
1295601,Themodocle,10229,6478344,62,475
4409002,gege824,4629,5701984,68,423
849076816,Johnny24,4629,681260,238,64
4145102,Olimpia25556,6369,1855808,172,231
4835577,pourtales,6369,462547,272,79
219118,Mac+DUFF,15309,172998,322,18
2244628,alcunni,10229,2159670,157,161
570985,lemort39,4629,719877,232,63
3216810,elgnoy,2797,1395161,189,125
849037647,NovaAmethyst,15359,674785,240,58
848958119,SOSOMALAUSTE69,15098,959168,219,106
2393312,valentinF62,13938,2539846,142,218
1165275,ntct,6369,4382,442,1
690100,Edouard1965,15188,4347816,102,331
4321787,Citymen,6369,1758150,176,183
2247524,totola2,4963,1384798,190,113
849071162,tipakusaugustus,2568,564640,255,52
849102465,ditexolop,15665,131241,332,15
1074959,Karpaty,4629,3960847,109,300
1303533,gbsd,4963,2776885,137,209
53637,kikiver,4629,3661341,117,286
848883684,Pyre,14892,1784358,175,132
1996188,U-96,15359,1264355,198,162
1597646,Goulati,4629,1471030,184,112
1901857,olive1967,4629,1236653,199,102
923982,gibus03,4629,6351610,64,472
849083819,Perseus+Ier,2568,593430,251,51
2635446,nonovitto,15098,624471,246,46
3123223,le+poulbot,4629,3637511,119,352
2446140,Le-cand,15359,52315,373,5
4625531,Starwars76,15323,1497269,182,121
1189933,PILOU95,4629,1979921,166,181
1725762,basketteur222,,54192,371,4
4311089,LEXXUS+GA,14828,79669,355,6
4827798,anzz08,4220,460787,273,36
351606,lefossile,4629,970644,218,78
35324,H%C3%A9ruur,4963,888358,224,66
849082285,Biditchoun,15541,128532,335,18
98182,likiki,15567,491966,266,43
633613,Phil83,6234,507492,261,37
11369,fonfon65,14655,4652042,91,348
4907536,natilou,10229,2466142,145,232
849081780,piol,2568,144644,330,13
1208925,Yggr,13938,8778634,31,884
1414366,Sanmark,11190,268980,302,57
760457,Macxa,14644,3250906,127,258
917480,COBRA97,4963,3909796,111,373
4892162,Layla29,4629,1279688,197,123
648290,Cyparis,6369,22471,403,3
4518813,fontaine14,13530,586139,253,47
755346,axel666,4963,9528674,24,717
2585558,02INGRID03,469,1795433,174,167
849094296,Rafalou,11887,243189,309,35
2210326,lorieataquante,2568,3192351,129,236
3582890,-k100dre-,12645,356846,285,35
140759,TheDonz,469,2867405,136,277
849027477,tonybelga,15576,164820,325,21
4471734,yyrkoon41,4220,2153724,158,222
1062653,papaluc,625,5990259,65,519
2874414,Perraudeau,10229,2077402,162,177
2102283,zidane1998,6369,1028045,215,76
4888320,Gladiadus,4629,2186205,156,175
26267,titou38,4629,4065644,104,333
4924595,manudouguet,15098,1448328,185,161
849104701,KroKKiKrok,15521,27365,397,4
849082462,siouxsoune,15521,495460,265,44
4740559,merithaton,2568,50855,374,8
849001395,LordBananas,2568,157290,327,19
3999499,Lirce,9741,5138779,83,377
1922799,Val+Can,15659,389236,280,37
1298963,LePiou,4963,6364203,63,485
109430,Cinthus,15188,2877,451,1
1213626,galix14,4963,1908531,171,156
4881217,Moringa,469,3413089,123,257
727881,manu.39,4963,5858767,67,431
1901715,doville+76,4963,8158126,33,677
2838139,raiy,15477,604299,250,54
4211777,Herm%C3%A8s+Ail%C3%A9,4963,4748774,89,360
848911564,REALITE,14828,79611,356,6
848958218,hdfxd,6369,1294698,196,138
849079748,Balteus,4629,528136,260,52
849079985,dakaz76,4629,1174109,204,88
1921919,campa,15188,2083250,161,169
1919067,Eeth-Koth,2797,4540206,95,408
1068877,Vansdethi2,625,469853,269,42
2281111,dede67140,625,1361334,192,105
1933171,lgd72,13530,9877134,22,722
215238,Minot-taure,4963,2001858,165,161
3536438,Fuzitsu,15188,2919280,134,216
1013556,joel53,7360,5444767,74,402
448810,ANDREABL,4629,3640846,118,323
848893587,danylou,13938,2724142,139,240
698008,etho91,13938,4487527,99,328
849073804,Alastor.,4629,806670,225,75
848997568,Lusiris,4629,1929428,169,143
673697,smoon,4629,1916300,170,177
4055546,El-Tiburon,11534,4532604,97,335
3109300,Isohypse,469,350156,287,45
849081564,Julien2485,469,210965,319,22
322489,BARONBOB,625,2443130,147,315
849055848,chienrage,11887,66063,364,7
3532752,Ezeldriin,4220,2746838,138,269
1970472,Drakkar33,2568,13690032,5,999
4336058,stamod,12897,3270415,126,242
1196984,TantanMeignier,4629,7113188,51,520
463299,jessyblanca,4963,254281,306,27
1464164,brynner,4629,3141076,131,278
2905500,PW67,13738,300155,295,37
1788347,rnycbb,9666,3391466,124,250
2267056,nenette74,9741,484397,267,69
1320507,Boomerang33,13109,17331,409,2
672849,TORRADO,4629,2191663,155,215
405626,aucha,2568,1034528,214,86
4789409,Lek76,14615,3992712,107,301
1333767,dylme,4629,664693,242,81
1360246,Musslin,625,3909908,110,304
52749,SilverMattof,4629,1397433,188,106
1061020,michevel,625,8981123,30,655
606842,franck56700,4629,5619181,70,425
2428871,target-53,4629,1098250,210,97
911835,eivlys62,9741,3090107,132,285
1440215,kk5757,2568,7665517,39,562
2827222,spartacus2ab,13511,4796588,88,361
359242,jo120592,4220,1053515,212,85
4668157,saucin+luc,13530,3146812,130,278
3288880,Christosilides,,5876504,66,439
4061524,heimst,4629,7312315,49,548
3103606,dumer,625,6716197,58,511
1891588,civodul214,2797,9969362,21,734
4241711,Mistigris92,4629,11076927,16,810
